,date,symbol,average_usd_size,number_buys,number_sells,vwap,sell_total_volume,buy_total_volume,largest_trans_buy,largest_trans_sell,largest_trans_buy_usd,largest_trans_sell_usd,dollar_trans_size_usd_stdev
0,2024-12-31,BTCUSDT,551.32,1579770,1768077,94187.25,9924.07,9687.97,11.97,10.62,1121393.41,998826.93,4007.56
1,2024-12-30,BTCUSDT,462.75,2754675,2805888,93175.82,14527.23,13092.2,9.02,16.49,838934.4,1516974.2,4096.25
2,2024-12-29,BTCUSDT,446.07,1412977,1452861,94172.03,7924.62,5651.39,10.55,57.96,988068.37,5459649.25,6433.41
3,2024-12-28,BTCUSDT,290.86,1419578,1312483,94781.37,4182.29,4203.6,4.76,6.8,453472.82,647650.37,2570.48
4,2024-12-27,BTCUSDT,442.14,2932918,2785948,95463.3,13555.75,12945.52,11.25,9.21,1058901.98,863180.05,3861.88
5,2024-12-26,BTCUSDT,393.8,2649600,2553890,96643.93,11120.49,10071.87,11.31,10.67,1099615.82,1030072.84,3630.67
6,2024-12-25,BTCUSDT,434.4,1797717,1485311,98549.31,7467.64,7006.53,7.82,7.11,774990.82,706191.05,3440.02
7,2024-12-24,BTCUSDT,668.47,1968315,1453234,96722.47,11704.97,11969.25,7.64,10.04,715461.47,994107.3,4333.01
8,2024-12-23,BTCUSDT,567.26,2908058,2556861,94492.4,16471.18,16339.58,10.08,10.0,968244.98,929360.0,3978.38
9,2024-12-22,BTCUSDT,511.3,1817750,1815801,95941.08,10060.43,9293.4,13.38,9.42,1289365.43,894923.75,3837.54
10,2024-12-21,BTCUSDT,617.66,1837704,1879934,97769.19,11756.6,11726.94,12.07,11.14,1182718.45,1099718.51,4648.52
11,2024-12-20,BTCUSDT,810.72,3656860,3772147,95817.58,33420.91,29463.23,10.97,43.31,1020427.62,4192843.6,5453.83
12,2024-12-19,BTCUSDT,754.41,3719367,3554574,99519.65,28248.76,26898.64,18.0,20.0,1841400.0,1924000.0,5379.4
13,2024-12-18,BTCUSDT,592.81,4456814,4305306,103259.93,26999.62,23308.38,14.62,62.35,1551420.0,6500868.51,5750.43
14,2024-12-17,BTCUSDT,430.32,3752733,3460066,106763.33,14877.62,14187.32,14.75,10.0,1574693.37,1066169.1,4124.0
15,2024-12-16,BTCUSDT,542.36,4303067,3744987,105681.53,20953.3,20349.1,10.13,12.62,1065800.14,1344264.3,4072.84
16,2024-12-15,BTCUSDT,629.45,1926523,1712286,103064.78,9560.03,12668.89,17.44,13.48,1815294.72,1384679.28,5130.45
17,2024-12-14,BTCUSDT,427.2,1630781,1743757,101550.29,7401.46,6790.25,6.54,10.64,667056.54,1075974.95,3581.88
18,2024-12-13,BTCUSDT,402.05,2731727,2749933,100598.2,11234.95,10669.09,39.61,11.23,4010708.92,1131736.15,4572.03
19,2024-12-12,BTCUSDT,365.65,4044244,4022078,100904.85,15056.2,14175.89,9.88,14.94,995358.07,1484633.74,3462.63
20,2024-12-11,BTCUSDT,454.0,4386620,3863891,99259.01,18640.94,19112.85,35.01,11.84,3501027.0,1193950.8,4490.81
21,2024-12-10,BTCUSDT,431.69,6097743,5458446,96474.35,27185.59,24523.1,30.0,61.56,2911500.0,5848301.65,5478.34
22,2024-12-09,BTCUSDT,625.59,4222501,4223371,97942.1,28477.03,25472.08,14.22,29.88,1377623.16,2959999.3,4897.01
23,2024-12-08,BTCUSDT,487.39,1445738,1548971,99911.63,7460.2,7152.8,5.13,9.26,512965.99,935048.27,3570.97
24,2024-12-07,BTCUSDT,564.78,1270398,1364168,99630.09,8155.4,6776.55,7.39,11.56,737950.14,1154999.21,3765.0
25,2024-12-06,BTCUSDT,644.11,3487584,3431518,98953.83,23049.91,21999.62,48.85,27.1,4794963.17,2654837.78,5185.13
26,2024-12-05,BTCUSDT,919.72,6237502,5774862,100567.73,53686.65,56235.08,30.41,27.28,3098740.28,2790348.1,6569.59
27,2024-12-04,BTCUSDT,638.02,3299294,3349430,96806.55,21816.94,22033.6,15.75,15.0,1521788.92,1442663.45,5306.66
28,2024-12-03,BTCUSDT,636.74,2680557,2681155,95265.5,18488.21,17339.11,15.75,11.51,1504755.0,1103088.14,4925.86
29,2024-12-02,BTCUSDT,482.35,3670527,3889576,96072.67,19136.74,18821.93,15.04,10.45,1467594.22,999999.36,4249.16
30,2024-12-01,BTCUSDT,491.09,1659726,1682474,96933.24,8823.71,8114.9,14.74,8.16,1433160.54,790003.76,4079.84
31,2024-11-30,BTCUSDT,418.11,1468731,1886028,96678.38,7427.92,7075.92,9.18,5.86,887291.16,568173.1,3331.56
32,2024-11-29,BTCUSDT,528.15,2466088,2627982,97125.91,13861.57,13840.21,19.87,7.48,1947260.98,716099.89,3969.55
33,2024-11-28,BTCUSDT,551.28,2530914,2457247,95390.31,14008.85,14805.69,30.0,12.06,2854500.0,1147038.96,4772.56
34,2024-11-27,BTCUSDT,585.73,3401960,3246730,94669.65,20836.84,20316.58,12.24,11.19,1167495.54,1076806.91,4688.42
35,2024-11-26,BTCUSDT,525.23,5204051,5021758,92839.94,28738.46,29120.27,13.35,19.97,1220670.92,1837216.4,4074.18
36,2024-11-25,BTCUSDT,589.1,4019181,4270510,96050.89,27360.52,23486.93,12.38,18.57,1190475.0,1819566.98,4837.77
37,2024-11-24,BTCUSDT,611.15,2245437,2719283,97266.82,16076.86,15124.12,44.53,30.0,4379866.77,2898600.0,5697.72
38,2024-11-23,BTCUSDT,633.37,1671382,2167756,98181.61,13581.59,11176.25,13.43,20.0,1322142.15,1968300.0,5069.97
39,2024-11-22,BTCUSDT,626.51,3767045,3504266,98618.2,23479.64,22709.67,38.02,11.3,3782605.83,1121452.55,5554.34
40,2024-11-21,BTCUSDT,742.97,4727186,4321419,97126.32,33804.3,35424.06,60.0,28.44,5802000.0,2745777.34,6042.97
41,2024-11-20,BTCUSDT,536.38,3575265,3790722,93638.88,21777.89,20425.31,20.0,15.39,1866580.0,1446245.46,4906.17
42,2024-11-19,BTCUSDT,712.69,2855416,2792373,92184.09,21532.19,22127.85,28.0,12.43,2598251.43,1143297.0,5627.71
43,2024-11-18,BTCUSDT,592.07,3539573,3621552,91080.03,22916.16,23628.87,22.18,16.67,2007277.08,1520160.82,4560.77
44,2024-11-17,BTCUSDT,436.83,2536850,2393869,90242.29,12014.77,11852.78,9.94,11.61,897011.25,1047593.62,3467.78
45,2024-11-16,BTCUSDT,487.79,2106800,2132655,91073.91,11221.56,11496.31,7.59,23.45,692792.24,2145703.32,3687.43
46,2024-11-15,BTCUSDT,533.92,4310343,3698768,89234.29,23127.34,24800.61,28.58,11.27,2566128.39,1001972.93,3975.11
47,2024-11-14,BTCUSDT,516.22,5096346,4732512,89423.94,28788.65,27940.86,16.01,14.04,1399020.54,1282915.99,4100.2
48,2024-11-13,BTCUSDT,651.3,6111848,5850252,89782.03,42421.52,44342.33,27.68,41.4,2480390.53,3709415.81,5015.16
49,2024-11-12,BTCUSDT,742.68,6002927,5496131,87789.46,47710.55,49589.33,58.09,20.0,5149965.73,1784159.8,5474.8
50,2024-11-11,BTCUSDT,742.79,5044994,4303896,84483.46,39486.37,42837.3,45.2,34.93,3797994.66,2841206.62,5747.94
51,2024-11-10,BTCUSDT,688.14,3814386,3314212,79329.69,29079.09,32751.01,44.76,35.76,3423837.83,2860471.2,6635.66
52,2024-11-09,BTCUSDT,500.8,1249665,1335599,76363.89,8909.29,8032.79,15.06,12.86,1150549.62,979879.88,4324.15
53,2024-11-08,BTCUSDT,570.88,2475147,2402342,76224.39,18965.71,17555.39,20.33,15.32,1549197.86,1162854.03,4674.67
54,2024-11-07,BTCUSDT,651.3,2503665,2704057,75609.58,23063.96,21805.46,17.63,16.37,1348713.36,1254188.65,5505.52
55,2024-11-06,BTCUSDT,913.22,4370385,4063799,73999.51,50883.11,53243.88,50.0,25.31,3660000.0,1885274.11,6466.27
56,2024-11-05,BTCUSDT,466.22,2597533,2358111,69277.97,16295.18,17059.89,17.44,15.0,1219600.47,1035000.0,3806.37
57,2024-11-04,BTCUSDT,378.26,2775863,2601185,68260.97,14873.15,14927.24,18.64,19.63,1286498.79,1323758.86,3220.45
58,2024-11-03,BTCUSDT,466.1,1901727,1766302,68373.46,12718.12,12277.58,12.4,14.94,857986.17,1015877.31,3718.02
59,2024-11-02,BTCUSDT,456.01,776250,827311,69503.83,5294.17,5227.51,12.08,12.44,839679.05,863129.02,3921.64
60,2024-11-01,BTCUSDT,585.95,2352245,2217026,69908.08,20257.71,18044.16,19.22,19.07,1341099.03,1329109.3,4504.91
61,2024-10-31,BTCUSDT,462.08,2161970,2363572,71246.74,15146.96,14205.14,11.51,23.76,809915.37,1656223.25,3656.36
62,2024-10-30,BTCUSDT,480.41,2057322,1983412,72230.76,13398.78,13487.21,10.2,19.23,729071.2,1393546.37,3610.37
63,2024-10-29,BTCUSDT,638.12,2921035,2724395,71910.29,23230.14,26898.47,23.97,19.31,1736683.24,1405441.13,4842.56
64,2024-10-28,BTCUSDT,452.37,2216250,2216196,69072.79,13828.4,15218.35,16.11,13.97,1125860.1,953299.2,3663.36
65,2024-10-27,BTCUSDT,330.14,825025,946964,67661.05,4235.46,4417.74,12.5,9.96,848414.04,667507.83,3111.9
66,2024-10-26,BTCUSDT,334.06,1136264,1237237,66952.96,5773.72,6069.19,11.21,14.96,748059.98,1004212.89,3530.28
67,2024-10-25,BTCUSDT,435.19,2630236,2702357,67285.25,18448.68,16031.03,20.0,40.22,1322840.0,2655159.84,4236.57
68,2024-10-24,BTCUSDT,402.04,1986224,1811238,67618.83,11087.25,11502.59,61.74,10.0,4198320.0,672600.0,4001.64
69,2024-10-23,BTCUSDT,445.22,1943914,1863451,66414.67,13641.9,11888.34,10.51,12.27,702192.24,815812.97,3417.29
70,2024-10-22,BTCUSDT,450.85,1909929,1759362,67300.17,12198.44,12400.52,10.83,9.66,732106.65,646204.79,3463.87
71,2024-10-21,BTCUSDT,577.97,1849696,1837081,67868.32,17780.81,13593.61,13.62,16.09,930784.83,1087929.83,4473.1
72,2024-10-20,BTCUSDT,546.16,791905,771890,68657.88,5669.55,6772.93,24.1,11.73,1653452.29,806697.89,4653.23
73,2024-10-19,BTCUSDT,485.61,610657,541771,68313.43,4122.47,4071.2,10.07,10.6,686702.36,724931.35,4189.49
74,2024-10-18,BTCUSDT,488.59,2035852,1975117,68238.72,14507.46,14218.18,13.96,10.33,956458.65,699706.56,3752.41
75,2024-10-17,BTCUSDT,427.47,1989345,1992615,67194.79,13174.28,12153.95,14.36,12.64,962357.14,849519.59,3761.71
76,2024-10-16,BTCUSDT,396.22,2639707,2469978,67632.41,14725.38,15212.87,23.95,10.0,1628708.8,679050.0,3482.41
77,2024-10-15,BTCUSDT,463.37,3033770,3211849,66226.14,21863.27,21820.68,18.35,15.67,1190926.68,1026372.56,3808.22
78,2024-10-14,BTCUSDT,492.23,2531656,2445921,65077.47,17728.83,19941.12,16.32,11.1,1084464.0,703589.25,4095.72
79,2024-10-13,BTCUSDT,332.91,1185600,1056929,62682.95,6054.17,5855.05,35.0,20.0,2181344.9,1255930.52,3601.74
80,2024-10-12,BTCUSDT,387.94,872363,898474,63020.87,5714.38,5196.92,10.4,13.19,655191.99,828282.08,3552.82
81,2024-10-11,BTCUSDT,453.8,1664935,1557245,61909.35,11541.78,12099.57,10.0,17.69,609000.0,1099054.85,3596.36
82,2024-10-10,BTCUSDT,373.29,1967504,1905073,60323.83,13140.15,10827.77,34.68,12.0,2118735.37,719988.0,3187.18
83,2024-10-09,BTCUSDT,336.6,1845466,1822897,61660.11,10556.46,9454.7,9.68,12.04,598353.16,743119.74,2782.5
84,2024-10-08,BTCUSDT,323.84,1881305,1917133,62430.28,10087.85,9614.37,30.0,30.0,1875000.0,1869840.0,3180.8
85,2024-10-07,BTCUSDT,342.32,2431162,2378180,63377.37,13205.45,12760.73,10.63,27.63,682840.45,1743656.09,3192.3
86,2024-10-06,BTCUSDT,356.99,780989,775564,62428.96,4108.56,4798.3,7.81,9.24,486718.13,580432.34,3159.22
87,2024-10-05,BTCUSDT,409.57,587136,596039,62036.63,4116.91,3690.56,20.87,7.86,1297342.93,486134.84,3504.46
88,2024-10-04,BTCUSDT,345.16,2001670,1796961,61574.2,10605.32,10689.34,11.08,9.46,687086.92,588797.27,2695.24
89,2024-10-03,BTCUSDT,303.35,2763029,2480975,60611.71,13314.92,12906.51,19.74,26.86,1190955.83,1612991.04,2730.89
90,2024-10-02,BTCUSDT,362.94,2785768,2527442,61151.22,15815.38,15719.33,21.28,17.62,1312681.69,1067742.31,3078.89
91,2024-10-01,BTCUSDT,485.76,2748402,2858667,62399.2,22719.74,20951.74,29.88,22.04,1807744.24,1385391.69,3901.87
92,2024-09-30,BTCUSDT,482.65,1889139,2089445,63955.73,15559.16,14451.93,23.23,32.95,1479799.33,2130439.25,4452.51
93,2024-09-29,BTCUSDT,387.69,671463,741986,65684.59,4204.8,4132.94,11.58,9.75,764491.5,640859.88,3359.01
94,2024-09-28,BTCUSDT,447.28,666604,675099,65744.24,4626.01,4501.23,11.04,12.3,726167.15,805546.51,3624.32
95,2024-09-27,BTCUSDT,414.13,1817937,1680592,65739.99,10955.95,11092.86,13.07,18.24,852987.01,1197000.0,3286.53
96,2024-09-26,BTCUSDT,419.87,2261421,2099912,64558.15,13331.32,15041.99,75.04,7.48,4877781.35,471809.21,4095.85
97,2024-09-25,BTCUSDT,338.32,1569299,1786232,63718.76,9428.43,8384.68,21.64,10.0,1383982.88,631500.0,3209.77
98,2024-09-24,BTCUSDT,380.53,1915633,1954524,63579.25,11662.15,11522.89,20.0,32.99,1262400.0,2093512.08,3503.88
99,2024-09-23,BTCUSDT,382.83,2016346,1982841,63585.09,11746.98,12331.08,41.92,26.65,2703949.0,1686839.92,4020.24
100,2024-09-22,BTCUSDT,418.26,995713,1150023,62984.64,7319.03,6923.17,18.96,7.98,1192570.52,502171.53,3729.97
101,2024-09-21,BTCUSDT,411.85,610294,673317,63143.17,4497.61,3877.74,50.0,49.93,3157499.03,3153026.96,5430.4
102,2024-09-20,BTCUSDT,405.91,1989703,1979593,63245.31,13055.06,12411.32,15.88,11.77,997435.44,746628.11,3210.06
103,2024-09-19,BTCUSDT,485.14,2228827,2209457,62762.56,16722.9,17609.63,18.25,26.1,1133274.08,1644267.24,3708.61
104,2024-09-18,BTCUSDT,420.69,2747782,2419889,60286.13,17657.43,18429.6,16.8,17.38,1002960.0,1041187.19,3677.64
105,2024-09-17,BTCUSDT,506.2,1962664,1955545,59895.62,16725.6,16390.66,16.85,24.25,1004369.66,1477066.08,3907.67
106,2024-09-16,BTCUSDT,490.68,1476708,1668444,58291.83,13617.81,12859.76,12.78,17.24,749999.92,999978.0,3519.18
107,2024-09-15,BTCUSDT,529.58,718536,834414,59731.56,7326.68,6431.25,12.47,9.95,750000.28,587144.4,3713.15
108,2024-09-14,BTCUSDT,565.28,566486,722298,59996.32,6567.69,5570.22,12.51,26.21,750000.28,1562017.06,4438.52
109,2024-09-13,BTCUSDT,521.22,1829330,1548682,59086.02,14430.1,15395.14,24.6,56.96,1424088.2,3314983.54,4452.61
110,2024-09-12,BTCUSDT,486.37,2057582,1649182,58028.11,16291.4,14783.0,21.64,20.81,1259388.05,1199999.8,3791.86
111,2024-09-11,BTCUSDT,463.71,2063987,1981116,56825.74,17047.26,15979.31,28.05,17.62,1587448.31,999999.69,3507.85
112,2024-09-10,BTCUSDT,474.6,1409460,1433688,57097.61,11936.41,11690.38,12.5,15.01,710948.24,860744.59,3498.44
113,2024-09-09,BTCUSDT,539.26,1680417,1675495,55918.05,15971.69,16412.83,19.01,19.69,1040414.34,1088702.07,3640.3
114,2024-09-08,BTCUSDT,493.15,950777,845315,54432.2,8242.39,8031.76,15.09,11.81,815453.42,641599.81,3370.47
115,2024-09-07,BTCUSDT,471.49,999800,921123,54284.98,8670.14,8023.91,16.57,10.35,894766.5,562662.96,3102.12
116,2024-09-06,BTCUSDT,565.3,2637945,2649336,54861.53,29122.58,25325.19,13.53,40.8,749999.97,2203200.0,3877.68
117,2024-09-05,BTCUSDT,468.45,1716114,1651944,56714.85,14851.02,12955.89,13.25,21.13,750000.28,1226972.69,3350.35
118,2024-09-04,BTCUSDT,638.11,1525924,1651625,57092.37,18699.07,16861.75,15.05,71.71,846126.32,4094384.62,5118.37
119,2024-09-03,BTCUSDT,604.45,1066659,1142099,58462.39,11848.39,10979.79,12.63,11.89,749999.95,700018.4,4110.1
120,2024-09-02,BTCUSDT,678.03,1009917,956202,58205.33,11599.76,11295.25,8.32,14.7,480981.54,853876.1,3567.94
121,2024-09-01,BTCUSDT,558.33,1018519,1134661,58022.61,11053.65,9651.51,12.93,23.5,749999.74,1363113.95,3597.36
122,2024-08-31,BTCUSDT,580.23,442644,453300,59031.97,4602.48,4195.93,12.73,8.5,749999.75,501689.47,3660.7
123,2024-08-30,BTCUSDT,590.69,1414441,1431255,58940.82,14735.97,13783.35,12.73,28.84,750000.28,1718798.44,4026.44
124,2024-08-29,BTCUSDT,589.65,1400306,1343594,59928.2,13868.52,13152.39,12.57,46.16,750000.18,2722581.24,4134.59
125,2024-08-28,BTCUSDT,595.79,1778735,1885399,59165.69,19732.63,17135.91,12.8,45.15,750000.29,2672924.4,4205.98
126,2024-08-27,BTCUSDT,720.51,1370224,1625057,61378.31,19262.79,15873.15,22.75,25.0,1427328.1,1552386.36,4648.88
127,2024-08-26,BTCUSDT,575.21,1031922,1120919,63575.0,10474.38,8995.68,11.7,8.57,750000.13,538089.82,3418.27
128,2024-08-25,BTCUSDT,625.41,599042,664023,64241.19,5989.76,6315.72,11.74,10.52,750000.05,673990.19,3463.49
129,2024-08-24,BTCUSDT,654.55,800305,751551,64084.12,8214.13,7643.03,13.98,14.3,899303.29,912066.94,3586.39
130,2024-08-23,BTCUSDT,929.66,1359878,1195804,62545.91,17745.19,20372.88,16.8,14.67,1081920.0,916369.31,4452.55
131,2024-08-22,BTCUSDT,749.9,854423,863857,60675.17,10971.87,10269.33,15.98,11.22,971568.06,677100.17,4281.64
132,2024-08-21,BTCUSDT,849.11,979200,1002325,60226.01,13826.73,14156.91,12.65,14.83,749999.71,884428.99,4481.74
133,2024-08-20,BTCUSDT,992.7,944328,960191,60006.96,15436.23,16041.22,20.4,16.85,1199641.72,1017250.1,5236.39
134,2024-08-19,BTCUSDT,816.65,839871,796424,58639.51,11459.0,11350.31,13.02,46.08,767899.75,2689913.96,5325.58
135,2024-08-18,BTCUSDT,739.42,539852,559878,59499.89,6974.27,6660.58,16.1,23.76,966150.6,1422001.89,4496.85
136,2024-08-17,BTCUSDT,567.1,403392,403767,59267.94,3850.08,3871.65,10.0,10.99,592000.0,655484.91,3175.6
137,2024-08-16,BTCUSDT,807.51,979866,1019673,58406.09,13647.33,13963.52,9.47,25.47,547649.8,1493346.03,4226.27
138,2024-08-15,BTCUSDT,875.22,1150059,1357799,58210.8,20430.95,17255.22,8.62,30.27,500000.02,1781134.1,4375.1
139,2024-08-14,BTCUSDT,986.19,805025,924317,60003.15,15158.87,13263.9,21.36,18.58,1303147.27,1094462.13,5253.35
140,2024-08-13,BTCUSDT,973.6,815433,898052,59968.07,14211.74,13647.22,20.14,12.15,1215578.15,740923.46,4858.18
141,2024-08-12,BTCUSDT,953.36,1125422,1168415,58919.8,18730.65,18279.27,19.47,26.15,1154812.35,1532714.37,4927.48
142,2024-08-11,BTCUSDT,873.14,654830,664639,60011.23,10095.1,9094.75,35.91,9.55,2195613.38,588047.33,4581.39
143,2024-08-10,BTCUSDT,758.74,394034,406465,60839.56,5101.57,4893.64,5.89,5.15,355602.04,312474.26,3543.74
144,2024-08-09,BTCUSDT,1027.65,906507,921302,60589.04,15949.43,15023.05,9.95,14.68,600165.41,882017.73,4886.96
145,2024-08-08,BTCUSDT,1089.61,1398052,1204990,58874.85,22673.23,25676.3,21.09,39.92,1202194.41,2207431.11,5160.28
146,2024-08-07,BTCUSDT,1038.81,1192334,1205170,56285.17,22372.23,21897.15,21.81,25.38,1239737.61,1446624.09,4736.55
147,2024-08-06,BTCUSDT,908.32,1710469,1723355,55651.95,27950.58,27934.19,21.93,23.77,1209686.67,1344299.98,4540.35
148,2024-08-05,BTCUSDT,1133.77,3733038,3835459,52890.71,84702.33,77363.26,58.42,30.93,3000557.67,1546571.5,5130.8
149,2024-08-04,BTCUSDT,993.79,908014,978181,59174.81,17059.9,14556.62,18.77,25.78,1115144.4,1568942.2,5039.69
150,2024-08-03,BTCUSDT,1025.16,800949,868606,61055.44,15086.76,12947.96,12.66,15.0,782304.08,915000.0,4976.76
151,2024-08-02,BTCUSDT,1004.82,1169831,1287904,63581.9,20618.07,18202.36,28.64,32.05,1872419.78,2051900.73,6190.1
152,2024-08-01,BTCUSDT,947.28,1103699,1293558,63803.11,18655.34,16886.93,43.25,17.54,2801596.37,1129332.57,5392.23
153,2024-07-31,BTCUSDT,925.13,821226,788750,65713.15,11806.95,10818.49,38.01,26.7,2470786.5,1777000.8,6447.08
154,2024-07-30,BTCUSDT,945.25,788498,833585,66264.13,12035.43,11096.83,12.0,59.94,790715.57,3993130.18,5869.45
155,2024-07-29,BTCUSDT,1279.83,1003576,949236,68430.48,18271.06,18196.23,15.0,70.15,1050000.0,4875456.28,7200.24
156,2024-07-28,BTCUSDT,897.16,426116,395094,67856.94,5465.21,5403.49,12.35,19.52,831538.29,1320199.42,4606.9
157,2024-07-27,BTCUSDT,1279.04,850206,840385,68201.97,15871.29,15838.93,40.62,15.89,2762384.4,1079888.79,6621.62
158,2024-07-26,BTCUSDT,1159.1,719497,687485,67367.63,11799.84,12444.52,15.0,13.03,1003927.24,886165.8,5560.15
159,2024-07-25,BTCUSDT,1238.24,921745,908615,64541.12,18546.98,16579.45,24.11,58.15,1576198.04,3788460.77,5936.83
160,2024-07-24,BTCUSDT,1097.36,695451,695602,66148.76,12254.81,10827.76,30.95,12.17,2036395.51,807735.25,5265.48
161,2024-07-23,BTCUSDT,1178.58,844052,928037,66453.09,16237.31,15168.85,11.17,28.36,742761.1,1899863.39,5351.86
162,2024-07-22,BTCUSDT,929.58,694753,863387,67465.75,11187.09,10263.95,9.21,25.65,616608.02,1721210.95,4459.52
163,2024-07-21,BTCUSDT,1107.95,649647,673295,67043.06,10407.06,11412.05,20.0,15.84,1360000.0,1053298.82,5613.97
164,2024-07-20,BTCUSDT,966.62,421116,573977,66868.39,7518.29,6868.63,9.33,19.81,624483.0,1327603.66,5313.8
165,2024-07-19,BTCUSDT,1067.11,1149954,1034935,65546.58,17663.66,17971.07,16.1,18.91,1033442.81,1243244.31,5105.35
166,2024-07-18,BTCUSDT,854.5,835860,860882,64293.4,11280.37,11288.35,9.37,7.89,605973.9,502782.19,4306.51
167,2024-07-17,BTCUSDT,1028.76,912447,956224,64988.72,14951.36,14616.17,13.45,15.2,874837.1,983440.0,5167.08
168,2024-07-16,BTCUSDT,1096.77,1292199,1192584,64073.49,20935.48,21595.05,18.35,13.61,1172396.3,882880.22,5517.65
169,2024-07-15,BTCUSDT,936.59,1461932,1138493,63058.07,19614.44,19076.54,36.9,9.82,2338455.21,614090.74,4864.74
170,2024-07-14,BTCUSDT,874.65,673772,782316,60256.14,10698.88,10479.46,20.0,11.4,1198200.0,686226.52,4319.84
171,2024-07-13,BTCUSDT,808.0,487120,627271,58720.73,7468.38,7889.36,16.98,11.88,999027.01,708779.97,4114.72
172,2024-07-12,BTCUSDT,777.37,968731,781007,57494.67,12163.63,11488.83,11.03,6.69,629464.81,384387.52,3757.77
173,2024-07-11,BTCUSDT,801.3,1106807,1050854,58068.45,14741.76,15019.3,27.92,13.1,1634981.23,750886.13,4143.92
174,2024-07-10,BTCUSDT,822.04,973891,792805,58239.4,12528.21,12423.53,11.51,10.0,666434.8,582000.0,3988.08
175,2024-07-09,BTCUSDT,905.93,863819,893874,57487.52,13588.96,14143.25,12.39,11.52,706260.21,661320.9,4137.41
176,2024-07-08,BTCUSDT,1056.98,1279685,1274704,56229.86,24126.3,23963.91,15.36,96.55,840493.73,5281496.14,5568.53
177,2024-07-07,BTCUSDT,848.67,606791,682438,57060.79,10037.27,9081.67,10.0,15.0,568700.0,851100.0,3965.69
178,2024-07-06,BTCUSDT,875.51,673045,738020,57176.78,10567.81,11083.5,8.49,7.43,480074.81,417956.55,3887.37
179,2024-07-05,BTCUSDT,1204.25,1837072,1912183,55590.01,43421.6,37926.65,10.44,15.93,563900.4,861376.51,4877.64
180,2024-07-04,BTCUSDT,1255.78,1198126,1325110,58035.97,29585.78,24982.99,20.91,41.71,1216962.58,2414452.33,6135.53
181,2024-07-03,BTCUSDT,1057.92,937095,902277,60426.76,17104.66,15055.45,10.24,18.49,620244.89,1100658.21,5137.95
182,2024-07-02,BTCUSDT,886.9,697433,611383,62439.69,9119.94,9453.18,6.64,7.51,411606.22,466438.49,4687.6
183,2024-07-01,BTCUSDT,1061.22,703310,758198,63181.64,12158.5,12388.61,23.22,6.17,1481652.28,392607.89,5419.79
184,2024-06-30,BTCUSDT,965.14,440335,668577,61876.65,9101.86,8224.45,9.67,7.75,588770.27,477342.81,4736.78
185,2024-06-29,BTCUSDT,913.6,316639,451030,60954.26,6047.87,5461.69,5.7,8.93,347460.81,544493.32,4314.81
186,2024-06-28,BTCUSDT,1027.2,691886,787740,61179.8,12159.65,12661.54,18.97,29.55,1163206.43,1813913.84,5082.3
187,2024-06-27,BTCUSDT,1060.75,472651,589525,61454.96,9046.02,9298.27,16.45,6.71,1013175.36,408545.82,4490.43
188,2024-06-26,BTCUSDT,1242.38,552341,559811,61393.56,11050.64,11435.03,17.77,17.26,1098038.58,1054957.18,5578.85
189,2024-06-25,BTCUSDT,1498.97,683369,594112,61473.4,15829.16,15360.08,9.12,8.24,563444.37,507536.78,5715.13
190,2024-06-24,BTCUSDT,1451.92,1072431,1118356,60837.65,27665.76,24495.59,23.82,11.42,1457144.03,685483.26,6516.95
191,2024-06-23,BTCUSDT,888.81,254366,338393,63941.31,4249.77,3974.68,8.36,7.79,529002.69,493134.17,4862.66
192,2024-06-22,BTCUSDT,835.11,256820,306012,64289.46,3552.66,3756.29,20.0,6.25,1287200.0,401769.99,4480.93
193,2024-06-21,BTCUSDT,1222.31,642928,719689,64019.76,13450.3,12543.26,11.0,8.46,708307.58,540804.92,5052.87
194,2024-06-20,BTCUSDT,1235.61,527535,755152,65235.12,12436.41,11828.88,11.45,8.22,742634.79,541487.31,5596.78
195,2024-06-19,BTCUSDT,1212.59,525020,553438,65165.59,9771.01,10289.78,20.0,6.18,1301200.0,405334.7,5406.9
196,2024-06-18,BTCUSDT,1280.44,836772,1314939,65029.21,22273.69,20076.41,30.0,26.41,1955250.0,1716913.25,6022.05
197,2024-06-17,BTCUSDT,1174.66,625645,916975,66221.18,13669.27,13716.89,47.97,8.33,3190320.21,547272.78,6569.42
198,2024-06-16,BTCUSDT,888.18,343742,359553,66561.21,4642.47,4750.05,6.41,11.25,427082.49,748904.2,4540.08
199,2024-06-15,BTCUSDT,1081.74,378500,322386,66214.92,5956.78,5495.02,9.58,9.62,631543.42,638010.03,5316.2
200,2024-06-14,BTCUSDT,1085.32,749017,987297,66364.07,14788.78,13619.41,10.32,8.55,690860.46,572477.39,4838.93
201,2024-06-13,BTCUSDT,1290.27,658079,860123,67382.49,15193.42,13886.14,27.93,15.1,1881251.46,1005528.13,5943.78
202,2024-06-12,BTCUSDT,1526.44,808711,862034,68616.16,18199.43,18975.89,19.99,14.74,1389417.59,999999.77,6252.3
203,2024-06-11,BTCUSDT,1567.42,743924,1038491,67396.11,21596.19,19839.82,30.59,18.08,2070980.24,1249561.56,6168.42
204,2024-06-10,BTCUSDT,1273.01,425488,511243,69527.12,8710.67,8412.0,10.74,10.0,751283.98,694000.0,5587.59
205,2024-06-09,BTCUSDT,1194.17,284463,291120,69564.63,5006.87,4883.69,12.62,21.63,877167.41,1503862.98,5867.54
206,2024-06-08,BTCUSDT,949.82,319368,394735,69336.04,5001.6,4772.23,5.52,8.31,383782.47,577343.98,4250.56
207,2024-06-07,BTCUSDT,1653.41,659481,856934,70502.32,18279.67,17318.78,14.54,31.94,1009148.6,2277339.11,6633.79
208,2024-06-06,BTCUSDT,1723.42,423375,476851,70881.52,11554.61,10287.39,30.0,22.13,2146596.6,1569179.47,6807.39
209,2024-06-05,BTCUSDT,1933.51,519266,535849,71084.54,14492.95,14210.23,9.95,12.28,712586.83,870543.35,6589.24
210,2024-06-04,BTCUSDT,1649.96,701262,553253,69943.01,14696.82,14922.97,22.94,7.69,1583186.7,528913.86,6651.21
211,2024-06-03,BTCUSDT,1633.25,669919,583870,69091.89,14324.7,15308.67,8.88,10.07,614824.7,699792.03,6549.24
212,2024-06-02,BTCUSDT,1288.64,407685,404663,67869.7,7666.09,7760.23,26.87,8.63,1831039.89,581932.27,6650.41
213,2024-06-01,BTCUSDT,937.07,295898,342586,67688.18,4602.39,4235.27,16.08,23.35,1089741.76,1579710.71,4959.49
214,2024-05-31,BTCUSDT,1538.94,552561,625299,67832.51,13432.22,13258.1,8.5,10.59,569214.26,720120.0,5950.93
215,2024-05-30,BTCUSDT,1528.07,603867,668984,68202.16,14403.85,14074.37,44.45,8.38,3080296.3,570374.87,6834.68
216,2024-05-29,BTCUSDT,1288.32,633877,587167,67826.71,11411.27,11748.56,11.93,17.9,803427.64,1210942.44,5577.2
217,2024-05-28,BTCUSDT,1524.55,652913,806438,68150.24,17079.87,15543.1,14.35,9.4,980969.86,643655.45,6051.78
218,2024-05-27,BTCUSDT,1316.06,549985,669356,69417.18,11427.31,11709.62,13.17,7.1,922232.5,498346.29,5030.93
219,2024-05-26,BTCUSDT,1132.9,307868,414981,68969.64,5937.5,5934.62,9.83,7.41,672108.83,513031.7,4554.27
220,2024-05-25,BTCUSDT,1189.74,289777,414026,69123.0,6278.43,5851.96,30.37,5.62,2100875.15,388420.26,5354.26
221,2024-05-24,BTCUSDT,1635.16,548930,616977,67885.61,13751.54,14344.3,10.51,10.0,725052.0,670000.0,5892.72
222,2024-05-23,BTCUSDT,1513.68,804335,1023520,68184.64,20722.02,19791.15,26.66,10.27,1787838.38,718436.82,5843.45
223,2024-05-22,BTCUSDT,1407.97,615123,756850,69710.16,14548.39,13124.79,11.78,10.0,824350.8,691000.0,5620.92
224,2024-05-21,BTCUSDT,1641.84,838206,1299242,70678.56,24921.15,24686.28,30.0,29.28,2091600.0,2078827.46,7361.42
225,2024-05-20,BTCUSDT,1805.07,913113,1017826,68829.3,24024.17,26792.53,37.68,20.0,2626500.92,1366181.0,6863.13
226,2024-05-19,BTCUSDT,1462.85,362315,461414,66802.6,9333.13,8692.18,15.43,20.92,1030815.52,1399220.65,6549.14
227,2024-05-18,BTCUSDT,1317.52,295163,438904,67006.66,7530.12,6911.13,35.34,35.19,2364246.0,2351447.25,7101.88
228,2024-05-17,BTCUSDT,1562.73,495398,621856,66522.61,12991.14,13301.1,44.42,14.76,2922044.95,972923.22,6701.6
229,2024-05-16,BTCUSDT,1610.9,562240,707553,65755.01,15461.25,15645.11,8.37,17.34,546742.93,1144663.69,6053.69
230,2024-05-15,BTCUSDT,1615.69,724021,1005433,64317.22,21761.91,21797.84,13.88,21.42,878535.0,1320618.9,6041.04
231,2024-05-14,BTCUSDT,1595.98,513004,614935,61872.76,15272.91,13815.81,12.39,27.52,764871.79,1701908.82,6437.16
232,2024-05-13,BTCUSDT,1488.88,664811,706622,62342.4,16015.51,16717.91,37.59,56.22,2353023.2,3544643.26,7281.37
233,2024-05-12,BTCUSDT,1074.17,366228,360885,61303.96,6336.22,6416.91,9.6,15.01,593194.58,916313.23,4597.47
234,2024-05-11,BTCUSDT,1081.84,364330,388951,60875.68,7151.47,6223.1,6.46,86.16,392927.31,5232542.35,7494.36
235,2024-05-10,BTCUSDT,1503.06,728843,771800,61535.66,18462.51,18066.83,14.39,24.14,906514.56,1465179.03,6063.62
236,2024-05-09,BTCUSDT,1371.86,684465,697492,61945.72,15540.79,15120.01,13.74,61.42,860213.95,3838643.12,6425.23
237,2024-05-08,BTCUSDT,1147.27,671806,743346,62063.24,13451.61,12669.58,67.44,8.38,4196676.77,513296.73,5772.91
238,2024-05-07,BTCUSDT,1276.25,594030,678868,63481.21,13096.41,12502.38,40.63,11.24,2600573.44,705858.81,5452.35
239,2024-05-06,BTCUSDT,1592.85,654726,737831,64060.07,17495.36,17179.56,31.0,19.08,1965400.0,1225219.12,6230.35
240,2024-05-05,BTCUSDT,1191.0,450037,542884,63883.92,9571.82,8954.93,17.49,8.12,1123028.77,519556.48,4908.67
241,2024-05-04,BTCUSDT,1389.72,550083,563426,63518.12,11697.49,12671.21,57.92,14.32,3643140.95,909067.91,6310.48
242,2024-05-03,BTCUSDT,1705.43,773690,784971,61067.91,21482.96,22145.44,43.42,11.36,2658395.85,715471.47,6013.01
243,2024-05-02,BTCUSDT,1766.7,738522,834376,58507.02,24343.07,23240.75,25.75,35.72,1526796.17,2108182.6,7424.39
244,2024-05-01,BTCUSDT,1959.77,1142547,1258542,57949.35,42962.89,38203.57,28.03,29.14,1603158.13,1702042.89,6625.13
245,2024-04-30,BTCUSDT,1698.24,984971,1000700,61423.76,28562.24,26385.42,13.44,46.43,823200.0,2976350.17,6679.44
246,2024-04-29,BTCUSDT,1531.76,589489,562807,62852.1,14163.64,13986.59,9.32,9.96,578518.63,620320.48,5033.93
247,2024-04-28,BTCUSDT,1364.0,386211,404441,63529.26,9007.86,7941.34,11.11,19.28,709109.8,1232049.04,5358.37
248,2024-04-27,BTCUSDT,1447.07,450020,462402,63185.7,11029.11,9903.95,19.21,20.0,1212492.91,1260000.0,5230.97
249,2024-04-26,BTCUSDT,1693.35,513866,511695,64051.28,13514.96,13570.24,8.9,50.45,567177.08,3240022.21,6939.78
250,2024-04-25,BTCUSDT,1459.8,667338,707986,64025.44,16532.83,14808.63,7.37,26.63,477588.96,1679051.13,5037.3
251,2024-04-24,BTCUSDT,1230.16,1027723,757174,65295.81,16696.19,16899.51,13.05,29.75,866719.86,1933779.25,4944.14
252,2024-04-23,BTCUSDT,1047.58,669156,764759,66437.64,11745.73,10854.17,9.86,18.46,655571.91,1236749.65,4369.15
253,2024-04-22,BTCUSDT,1140.43,994885,821706,66095.55,14931.94,16466.05,16.26,15.0,1069581.66,987000.0,4673.4
254,2024-04-21,BTCUSDT,902.34,781285,608868,64940.59,9581.7,9734.72,19.88,8.76,1284521.9,569144.55,3934.62
255,2024-04-20,BTCUSDT,1080.07,683972,692740,64321.48,11325.59,11811.84,7.59,7.05,480781.52,458257.8,4146.33
256,2024-04-19,BTCUSDT,1562.75,1470650,1357634,63286.32,34832.8,34941.5,15.12,15.0,902889.83,960090.24,5437.61
257,2024-04-18,BTCUSDT,1272.68,1080108,1062403,62615.71,22731.4,20870.21,21.27,40.64,1357021.53,2548210.76,5563.5
258,2024-04-17,BTCUSDT,1272.66,1282344,1175983,61885.55,26263.8,24346.75,13.44,10.69,847465.52,638132.11,4970.83
259,2024-04-16,BTCUSDT,1288.36,1435685,1168669,62782.09,27394.03,26041.27,25.0,9.0,1550000.0,578250.0,5066.91
260,2024-04-15,BTCUSDT,1338.33,1275807,1263241,64788.31,27182.85,25206.68,24.83,18.23,1628775.18,1209630.17,5011.31
261,2024-04-14,BTCUSDT,1484.65,1346783,1311170,63991.84,31866.88,29732.3,14.26,15.75,905673.83,999999.91,5274.3
262,2024-04-13,BTCUSDT,1381.02,1561471,1779869,64667.35,38173.55,33221.67,17.0,12.53,1147500.0,837498.49,5305.52
263,2024-04-12,BTCUSDT,1539.5,1125268,1371349,68495.55,30137.0,25935.86,12.92,20.86,915686.66,1411936.91,6212.06
264,2024-04-11,BTCUSDT,1354.72,856180,802815,70427.56,16008.76,15908.49,9.97,13.79,704413.94,976280.61,5165.19
265,2024-04-10,BTCUSDT,1566.58,930407,921763,69066.0,21736.68,20269.35,21.93,13.1,1549479.61,914116.14,6373.54
266,2024-04-09,BTCUSDT,1523.71,951765,852392,69833.31,20397.36,18896.54,12.05,21.95,840148.58,1543118.2,5855.88
267,2024-04-08,BTCUSDT,1605.7,1058177,978848,71692.94,20413.97,25309.9,10.0,20.48,707000.0,1477181.44,5921.98
268,2024-04-07,BTCUSDT,1179.0,702999,566049,69517.22,10384.84,11149.9,10.84,47.38,749303.82,3292620.35,5936.52
269,2024-04-06,BTCUSDT,1172.15,581779,589681,68277.13,10160.43,9973.86,11.81,9.2,800408.66,636965.93,5442.63
270,2024-04-05,BTCUSDT,1343.58,977100,924880,67396.85,19025.25,18889.98,14.89,20.48,1011611.71,1392640.0,5837.68
271,2024-04-04,BTCUSDT,1397.07,1054761,946184,67400.52,20497.16,21013.32,49.95,8.46,3377119.5,559934.16,5933.58
272,2024-04-03,BTCUSDT,1211.07,1084850,1087246,66050.41,19268.63,20618.59,17.58,6.85,1161585.26,453287.86,5042.34
273,2024-04-02,BTCUSDT,1784.11,1300778,1361632,66055.83,36279.65,35520.17,97.47,17.29,6384503.77,1133961.6,7903.62
274,2024-04-01,BTCUSDT,1519.19,932008,961430,69287.13,21234.17,20211.15,25.58,23.88,1785412.11,1641946.62,6075.81
275,2024-03-31,BTCUSDT,1157.03,603088,578838,70527.61,9253.86,10142.48,22.78,11.35,1604507.96,803093.18,5565.65
276,2024-03-30,BTCUSDT,859.58,537727,572761,69976.92,7220.72,6423.89,7.73,7.47,539516.31,521422.75,3771.61
277,2024-03-29,BTCUSDT,1168.79,745466,777141,69938.12,13605.99,11839.09,6.71,10.0,464567.28,703203.0,4668.2
278,2024-03-28,BTCUSDT,1389.29,919497,880400,70625.54,17431.76,18007.27,60.35,13.13,4284940.88,922553.21,6785.64
279,2024-03-27,BTCUSDT,1396.64,1184003,1269363,69815.7,24217.02,24902.33,14.63,13.44,1031059.6,942278.4,5641.79
280,2024-03-26,BTCUSDT,1258.05,1068630,1108177,70334.55,19435.53,19498.86,7.47,43.09,525704.59,3024417.34,5678.3
281,2024-03-25,BTCUSDT,1398.05,1330414,1301806,68987.07,25615.56,27815.59,18.47,29.92,1261362.49,2089889.65,5700.59
282,2024-03-24,BTCUSDT,1094.93,935474,945300,65561.09,14706.12,16689.66,29.34,17.72,1936752.84,1168021.15,5626.49
283,2024-03-23,BTCUSDT,972.96,823310,930256,64533.05,13661.11,12749.01,9.5,31.01,611338.51,2036200.47,4535.2
284,2024-03-22,BTCUSDT,1327.97,1177943,1314938,64313.09,26903.5,24578.88,28.7,9.0,1879838.21,597528.0,4881.36
285,2024-03-21,BTCUSDT,1486.87,1201736,1186654,66557.85,26707.38,26650.1,9.0,23.68,598202.08,1604174.99,5223.1
286,2024-03-20,BTCUSDT,1625.38,1712716,1837077,63845.58,44896.74,45523.84,41.93,90.27,2829838.64,5831228.82,6787.13
287,2024-03-19,BTCUSDT,1804.43,1762298,1831534,64210.23,52800.04,48205.28,51.46,29.87,3241759.5,1881972.54,6098.36
288,2024-03-18,BTCUSDT,1529.01,1152045,1312470,67718.14,27161.41,28529.67,48.0,7.16,3240000.0,482258.5,5581.2
289,2024-03-17,BTCUSDT,1356.78,1217128,1232028,66883.36,24413.92,25328.29,24.99,6.51,1651688.42,443423.12,5058.17
290,2024-03-16,BTCUSDT,1388.24,1146280,1582739,67632.92,28686.75,27240.2,17.79,47.14,1229269.48,3103648.69,5295.22
291,2024-03-15,BTCUSDT,1809.55,1855663,2048782,68282.37,53489.37,49844.67,19.46,47.25,1324239.39,3156320.71,6312.41
292,2024-03-14,BTCUSDT,1713.66,1388926,1605943,71454.78,36080.88,35676.75,12.59,20.82,925155.53,1520450.42,5901.4
293,2024-03-13,BTCUSDT,1531.17,1138475,1362722,72752.48,25872.63,26787.08,19.61,20.73,1411939.04,1511511.8,6084.05
294,2024-03-12,BTCUSDT,1610.84,1365300,1682590,71312.51,34266.33,34517.21,24.23,23.0,1747983.1,1661412.1,6190.55
295,2024-03-11,BTCUSDT,1758.78,1448362,1595052,71117.43,35856.97,39435.86,40.0,28.89,2799550.82,2053468.56,7343.65
296,2024-03-10,BTCUSDT,1242.95,916859,1222659,69211.4,19215.87,19188.8,23.3,13.88,1627345.87,957860.07,5463.09
297,2024-03-09,BTCUSDT,1007.9,600409,744932,68288.53,9867.31,10005.59,6.74,6.53,461039.94,446044.72,3963.42
298,2024-03-08,BTCUSDT,1713.49,1381533,1562394,67837.39,36550.42,37711.51,50.0,15.83,3400000.0,1077288.52,6799.67
299,2024-03-07,BTCUSDT,1461.18,1060779,1367448,66868.33,25124.22,27935.66,13.91,11.02,944730.72,730336.92,5454.8
300,2024-03-06,BTCUSDT,1573.65,1477222,1825759,66016.13,38394.53,40344.33,20.82,17.49,1391894.0,1176463.81,5875.86
301,2024-03-05,BTCUSDT,1633.4,2326602,2984104,65365.4,66704.94,65991.85,28.76,36.44,1981344.95,2303114.18,6463.87
302,2024-03-04,BTCUSDT,1432.38,1697721,2190132,65745.89,39516.07,45319.09,23.85,27.03,1590236.76,1765016.55,6262.66
303,2024-03-03,BTCUSDT,905.89,780607,1211404,62276.22,14089.72,14905.19,13.54,11.74,839228.9,729393.75,4344.61
304,2024-03-02,BTCUSDT,963.92,636176,1005632,61976.94,12843.36,12691.38,13.08,14.62,808217.31,909591.06,4206.69
305,2024-03-01,BTCUSDT,1518.16,793210,1154234,61934.96,23542.23,24195.7,21.99,17.52,1347885.24,1102053.4,5857.45
306,2024-02-29,BTCUSDT,1537.26,1321559,1847846,62193.03,38962.01,39463.07,18.89,19.93,1152621.66,1255583.98,5634.42
307,2024-02-28,BTCUSDT,1838.89,1903258,1991804,60349.1,56696.83,62066.64,55.56,57.35,3222478.26,3497811.08,7536.51
308,2024-02-27,BTCUSDT,1572.29,1107555,1306730,56552.74,32224.73,34970.26,19.67,15.44,1122265.35,870663.72,6160.87
309,2024-02-26,BTCUSDT,1498.36,791372,1017537,53054.56,24057.89,27198.84,16.66,30.2,909585.49,1606707.03,6514.32
310,2024-02-25,BTCUSDT,1046.49,420947,503045,51692.31,9177.45,9544.18,18.3,20.0,946130.63,1034499.8,4580.96
311,2024-02-24,BTCUSDT,991.55,392685,462330,51230.75,8098.26,8462.16,46.29,4.86,2386092.27,246982.95,4762.5
312,2024-02-23,BTCUSDT,1048.49,583208,903831,51022.67,15934.99,14610.81,14.1,11.19,715603.66,572956.56,4816.57
313,2024-02-22,BTCUSDT,1078.64,737831,950353,51595.48,17478.98,17830.47,12.25,12.38,636175.1,640589.43,4508.6
314,2024-02-21,BTCUSDT,1211.2,819943,1004917,51305.28,20839.67,22239.73,50.0,13.22,2575000.0,682708.58,5410.03
315,2024-02-20,BTCUSDT,1305.78,915245,1056667,51855.18,24620.22,24994.25,18.32,15.07,960999.91,778947.36,5156.08
316,2024-02-19,BTCUSDT,997.8,711560,831430,52124.38,14268.63,15266.36,13.69,19.06,713906.38,994334.77,4587.39
317,2024-02-18,BTCUSDT,828.26,627188,748234,51801.78,10710.76,11281.35,13.09,10.9,684347.59,559177.05,3909.95
318,2024-02-17,BTCUSDT,924.45,575468,852305,51364.09,13018.49,12655.52,9.35,8.04,481712.67,414877.42,4034.15
319,2024-02-16,BTCUSDT,1240.76,726991,856720,52061.6,19462.35,18309.9,20.0,12.89,1046000.0,669715.53,4892.69
320,2024-02-15,BTCUSDT,1568.83,804872,981697,52014.67,27093.44,26722.59,18.41,12.28,963089.33,636856.96,5602.17
321,2024-02-14,BTCUSDT,1570.19,858938,1000454,51200.99,27381.86,29664.52,13.62,17.47,699738.34,880537.39,5974.99
322,2024-02-13,BTCUSDT,1575.96,829528,912283,49434.4,27141.77,28409.79,18.57,28.43,923448.47,1423781.2,6084.6
323,2024-02-12,BTCUSDT,1494.4,931802,1007592,49148.42,28212.53,30797.43,35.48,23.28,1731306.19,1170598.39,5901.27
324,2024-02-11,BTCUSDT,1025.61,647412,759858,48203.44,14217.43,15741.38,12.55,23.7,605027.13,1146088.92,4650.26
325,2024-02-10,BTCUSDT,888.67,596650,726771,47436.21,12061.66,12740.7,15.0,14.19,709995.0,663873.44,4076.75
326,2024-02-09,BTCUSDT,1485.89,1078479,1245405,46978.78,36142.52,37360.96,23.46,115.4,1113378.01,5457173.31,6902.33
327,2024-02-08,BTCUSDT,1096.19,836124,1027526,44973.83,22708.1,22731.52,19.24,24.48,856999.43,1103554.11,4910.26
328,2024-02-07,BTCUSDT,1085.0,640523,738286,43592.82,16636.72,17755.88,12.76,9.43,547940.64,410687.39,4590.56
329,2024-02-06,BTCUSDT,946.72,487158,633602,43004.39,11864.87,12810.98,7.77,15.7,335716.3,676850.85,4081.73
330,2024-02-05,BTCUSDT,958.42,563981,753416,42866.78,14483.69,14984.07,9.03,10.22,386393.59,435291.87,3989.05
331,2024-02-04,BTCUSDT,784.98,351790,579445,42820.93,8639.77,8427.13,18.99,8.78,815767.44,378046.59,3620.15
332,2024-02-03,BTCUSDT,850.5,268105,341857,43124.48,6341.62,5691.79,10.23,14.76,439600.43,634490.53,3768.42
333,2024-02-02,BTCUSDT,1176.35,470307,616035,43123.86,14026.57,15645.57,12.13,9.64,521435.63,416485.58,4685.2
334,2024-02-01,BTCUSDT,1075.31,619294,772975,42578.46,17096.2,18134.84,47.82,12.23,2022680.67,527356.64,4988.64
335,2024-01-31,BTCUSDT,1141.45,669825,829734,42953.0,19581.19,20289.95,33.04,23.43,1397425.76,1020590.77,4938.76
336,2024-01-30,BTCUSDT,1240.5,593116,723494,43441.36,18301.95,19317.3,10.56,12.46,456976.64,538532.44,4574.64
337,2024-01-29,BTCUSDT,1121.56,547196,650660,42713.37,15545.86,15996.89,11.53,10.21,486161.43,436422.35,4305.17
338,2024-01-28,BTCUSDT,1118.04,432919,599574,42271.85,14323.81,12971.19,32.61,33.79,1385564.48,1444165.22,6179.16
339,2024-01-27,BTCUSDT,903.18,320849,430299,41838.77,8738.77,7485.65,9.95,7.73,413450.13,325218.98,3687.25
340,2024-01-26,BTCUSDT,1201.15,689752,935109,41229.11,22710.21,24674.76,75.54,18.54,3133332.83,743443.76,5170.37
341,2024-01-25,BTCUSDT,959.4,537061,754172,39898.97,15336.87,15685.25,14.53,19.7,578488.62,786222.72,4009.45
342,2024-01-24,BTCUSDT,936.79,687969,987646,39990.26,18620.77,20673.06,58.2,15.32,2308404.12,613616.15,4728.62
343,2024-01-23,BTCUSDT,1113.47,916475,1127450,39231.35,27042.66,30913.97,90.61,15.17,3564022.92,590993.8,6310.85
344,2024-01-22,BTCUSDT,1046.67,816298,1330952,40503.29,28638.06,26788.14,23.18,45.5,942677.73,1833665.72,4472.78
345,2024-01-21,BTCUSDT,743.6,298087,359730,41713.5,6153.6,5576.56,5.81,8.62,241907.29,359583.55,3055.35
346,2024-01-20,BTCUSDT,820.94,376103,431221,41642.47,8366.63,7557.37,11.83,10.0,491454.08,416000.0,3279.92
347,2024-01-19,BTCUSDT,1214.7,719976,921452,41256.4,23995.25,24347.5,15.42,12.66,632390.97,521727.55,4598.35
348,2024-01-18,BTCUSDT,1254.65,605801,860286,41784.75,22822.37,21085.14,13.09,34.31,550170.38,1427105.47,4739.22
349,2024-01-17,BTCUSDT,987.29,546091,892081,42717.62,16618.01,16648.21,10.96,16.51,464911.03,709765.63,3786.89
350,2024-01-16,BTCUSDT,1125.46,727262,989318,42934.81,20981.19,24064.56,70.02,27.22,2990006.01,1173020.38,6858.72
351,2024-01-15,BTCUSDT,1037.02,639450,1018161,42647.81,20345.13,19924.76,34.25,85.93,1455518.32,3729402.8,6663.25
352,2024-01-14,BTCUSDT,972.88,565728,669999,42513.54,14538.1,13690.31,24.09,45.18,1030989.51,1901906.23,5237.0
353,2024-01-13,BTCUSDT,1078.88,694778,739465,42841.18,18370.38,17748.1,42.0,55.0,1801658.86,2352170.15,5358.92
354,2024-01-12,BTCUSDT,1362.49,1240486,1568706,44343.41,44620.36,41707.58,78.95,23.68,3588283.41,999290.09,6553.45
355,2024-01-11,BTCUSDT,1369.09,1449946,1548505,46861.66,43394.16,44076.17,90.91,23.13,4363813.44,1115012.53,6217.79
356,2024-01-10,BTCUSDT,1316.0,1462932,1670656,45863.97,43000.62,46910.79,119.74,26.1,5508025.74,1163580.49,7317.77
357,2024-01-09,BTCUSDT,1232.66,1173939,1463806,46421.91,35102.21,34825.45,52.69,51.66,2384637.16,2324843.1,5791.94
358,2024-01-08,BTCUSDT,1395.15,1128708,1235756,45434.27,34085.77,38728.81,46.34,21.16,2099142.66,992548.45,6006.81
359,2024-01-07,BTCUSDT,914.7,514041,595218,44009.43,11410.33,11613.52,34.78,8.15,1542804.87,357637.01,3951.81
360,2024-01-06,BTCUSDT,816.62,434613,522029,43815.3,8786.49,9048.57,10.37,11.4,455120.97,497671.11,3557.62
361,2024-01-05,BTCUSDT,1017.49,868617,1196228,43684.45,24060.19,24015.06,57.88,35.59,2488696.81,1539112.67,5159.35
362,2024-01-04,BTCUSDT,1151.19,829075,990869,43659.57,24432.16,23605.9,21.73,25.24,935343.48,1115228.23,4922.24
363,2024-01-03,BTCUSDT,1319.43,1148883,1509158,43207.67,42090.56,39103.99,40.08,57.58,1687463.99,2498977.64,6339.86
364,2024-01-02,BTCUSDT,1310.03,1088301,1159231,45205.15,31329.26,33817.14,30.0,35.98,1358850.0,1626746.82,5864.77
365,2024-01-01,BTCUSDT,1049.68,539874,574749,43235.89,12842.57,14331.73,17.9,20.5,779082.82,895845.97,4860.58
366,2023-12-31,BTCUSDT,985.28,462251,554233,42548.45,11588.77,11997.15,17.63,8.54,752639.59,363839.7,4116.02
367,2023-12-30,BTCUSDT,1030.25,424118,512427,42114.17,11178.88,11727.7,17.96,20.79,754471.97,883592.43,4283.4
368,2023-12-29,BTCUSDT,1147.63,733367,837770,42288.95,21401.85,21195.34,16.19,36.86,681674.36,1562787.68,5088.53
369,2023-12-28,BTCUSDT,1083.76,626487,765339,42842.51,17727.71,17422.82,39.79,18.86,1703220.44,820318.65,5421.51
370,2023-12-27,BTCUSDT,1079.4,690216,749554,42993.82,17208.38,18982.83,19.51,21.14,828977.94,910036.96,4935.38
371,2023-12-26,BTCUSDT,1183.3,742534,733282,42521.58,19913.88,21096.17,50.0,19.05,2125000.0,806490.8,5801.73
372,2023-12-25,BTCUSDT,1003.1,554827,613601,43374.59,13330.0,13691.24,8.77,6.42,381815.6,279554.72,3941.15
373,2023-12-24,BTCUSDT,961.13,531175,606503,43428.74,13303.07,11841.27,9.79,19.13,418990.68,838065.74,4211.88
374,2023-12-23,BTCUSDT,850.86,393224,456434,43660.69,8791.82,7765.31,12.63,12.66,550475.08,552390.27,3711.56
375,2023-12-22,BTCUSDT,1022.77,668894,735215,43803.61,16733.97,16049.22,17.66,9.88,780398.29,432341.88,4200.91
376,2023-12-21,BTCUSDT,1009.21,691636,809066,43760.39,17565.4,17058.9,87.01,44.64,3801548.16,1953983.7,5247.91
377,2023-12-20,BTCUSDT,1093.68,850957,1083631,43517.34,24798.16,23912.14,50.0,64.77,2200000.0,2862887.04,6561.64
378,2023-12-19,BTCUSDT,1086.16,763816,845372,42640.57,20764.2,20163.66,21.47,29.39,908046.91,1275654.9,4614.08
379,2023-12-18,BTCUSDT,1111.59,810133,931514,41509.9,23478.29,23255.8,19.76,35.04,810102.19,1437726.47,4626.69
380,2023-12-17,BTCUSDT,946.51,538154,689480,41778.12,14476.25,13245.86,13.47,25.0,558498.96,1040000.0,4364.85
381,2023-12-16,BTCUSDT,864.16,487184,693702,42283.43,11925.35,12193.51,26.73,10.83,1126031.45,460651.9,3904.85
382,2023-12-15,BTCUSDT,1070.47,621020,702608,42355.75,17100.66,16321.14,50.43,12.53,2117939.46,535052.65,5405.09
383,2023-12-14,BTCUSDT,1124.54,743423,856113,42629.68,21467.26,20579.79,29.77,10.0,1276740.71,426830.0,4721.79
384,2023-12-13,BTCUSDT,1113.09,765798,958861,41919.85,23511.02,22354.97,27.19,20.39,1158243.73,841953.98,4638.53
385,2023-12-12,BTCUSDT,1162.18,743850,782561,41501.5,21327.79,21394.91,11.87,22.47,493164.67,925645.73,4563.81
386,2023-12-11,BTCUSDT,1535.85,958700,1128442,41692.51,40164.66,36499.24,30.0,42.05,1268940.0,1829071.91,6266.62
387,2023-12-10,BTCUSDT,999.78,345464,485203,43778.71,10114.71,8841.91,20.92,70.27,915555.47,3077577.91,5986.51
388,2023-12-09,BTCUSDT,1110.53,452792,534560,43943.41,13327.96,11598.01,11.05,20.69,488572.1,908967.84,4827.98
389,2023-12-08,BTCUSDT,1430.36,634360,676908,43775.46,22081.7,20818.68,13.49,83.38,583264.05,3598639.44,7234.24
390,2023-12-07,BTCUSDT,1446.85,710272,704487,43400.04,24467.59,22635.68,13.09,20.56,563848.77,895294.37,5639.73
391,2023-12-06,BTCUSDT,1202.9,937288,938994,43882.72,26338.48,25092.62,30.86,16.3,1357985.64,709224.87,4969.42
392,2023-12-05,BTCUSDT,1394.42,1068668,1004032,42987.39,32674.94,34815.81,65.21,33.96,2732199.7,1494124.28,5920.81
393,2023-12-04,BTCUSDT,1555.59,1063132,1049087,41492.86,40676.71,38595.62,73.4,179.48,3001179.2,7458253.17,10685.47
394,2023-12-03,BTCUSDT,920.4,575333,576191,39654.54,13377.36,13333.3,12.37,8.57,491157.68,343527.48,4063.66
395,2023-12-02,BTCUSDT,1008.44,487790,546900,39175.72,13530.27,13166.65,20.34,9.06,790088.56,350912.0,4033.79
396,2023-12-01,BTCUSDT,1096.06,728853,794564,38461.25,21007.39,22408.27,17.08,15.83,649443.52,605139.55,4524.04
397,2023-11-30,BTCUSDT,927.27,508263,499528,37753.31,13255.84,11484.45,13.21,20.42,498741.67,767735.6,4064.19
398,2023-11-29,BTCUSDT,1107.16,539373,591980,37968.23,17405.23,15588.96,18.66,18.59,709557.51,703023.18,4529.56
399,2023-11-28,BTCUSDT,1111.24,621953,650826,37681.42,19375.9,18168.56,23.32,21.76,879165.13,828007.1,4563.91
400,2023-11-27,BTCUSDT,898.66,588698,649319,37081.37,15542.44,14458.64,9.69,15.45,359749.59,570267.73,3982.59
401,2023-11-26,BTCUSDT,940.22,420207,427813,37490.04,11060.02,10204.52,20.1,10.07,759780.0,376121.97,3664.85
402,2023-11-25,BTCUSDT,755.41,262955,306493,37735.11,6242.23,5153.91,6.42,4.86,242140.04,183303.43,2932.69
403,2023-11-24,BTCUSDT,1224.23,693789,685625,37847.59,22331.63,22349.17,37.32,51.02,1403376.38,1920820.55,5361.57
404,2023-11-23,BTCUSDT,895.74,475569,516715,37322.03,12741.58,11086.35,12.43,29.88,463609.96,1120620.75,4090.63
405,2023-11-22,BTCUSDT,1005.32,851208,797166,36816.06,22004.6,23046.71,23.42,47.53,853040.53,1758555.61,4720.26
406,2023-11-21,BTCUSDT,906.99,910126,1026769,36783.05,25275.13,22371.42,26.28,18.45,948005.97,680458.87,3922.78
407,2023-11-20,BTCUSDT,904.83,724317,760733,37290.81,18431.48,17591.23,13.05,15.03,490633.92,565013.43,3622.69
408,2023-11-19,BTCUSDT,906.23,440534,421866,36900.17,10671.09,10575.25,15.27,14.4,558884.2,539142.19,3489.37
409,2023-11-18,BTCUSDT,795.97,372116,412382,36511.14,9000.69,8101.55,13.48,24.96,495005.21,915187.21,3454.51
410,2023-11-17,BTCUSDT,1031.05,658123,691199,36331.93,19880.25,18403.36,9.5,17.76,346131.53,647023.17,3843.94
411,2023-11-16,BTCUSDT,1131.0,741648,800798,36625.77,25276.35,22214.05,59.93,28.06,2223440.1,1038070.15,4611.05
412,2023-11-15,BTCUSDT,1270.36,802797,742630,36764.1,25426.99,28142.14,38.34,30.23,1357093.34,1070002.17,4992.25
413,2023-11-14,BTCUSDT,1167.12,674488,729940,35957.2,24298.5,21205.19,19.21,18.46,703378.25,668158.24,4582.73
414,2023-11-13,BTCUSDT,992.48,588607,628584,36831.3,17355.74,15442.45,21.6,19.59,799067.17,712009.62,4384.56
415,2023-11-12,BTCUSDT,808.46,391166,419719,37025.49,9180.73,8506.46,7.36,5.63,273448.9,209303.69,3234.54
416,2023-11-11,BTCUSDT,922.7,445358,477942,37070.16,12256.31,10728.66,7.67,10.3,284805.65,378072.39,3519.49
417,2023-11-10,BTCUSDT,1236.83,650806,646923,36938.92,22025.48,21388.57,30.0,31.61,1102200.0,1153900.42,4813.12
418,2023-11-09,BTCUSDT,1418.3,1075821,1062944,36750.43,40381.08,42156.81,175.32,40.04,6438880.95,1461493.95,7950.48
419,2023-11-08,BTCUSDT,1046.73,569458,563110,35506.49,16208.52,17192.82,18.29,19.61,647053.14,694774.51,4164.99
420,2023-11-07,BTCUSDT,1003.87,664699,688097,35098.03,19313.47,19375.27,30.0,10.93,1063770.0,384686.37,4153.46
421,2023-11-06,BTCUSDT,791.73,487025,501221,35011.97,11576.19,10770.28,11.73,7.41,407380.82,259334.78,3213.79
422,2023-11-05,BTCUSDT,827.52,511685,526783,35043.87,12658.4,11870.33,13.76,14.04,481836.89,492276.33,3635.33
423,2023-11-04,BTCUSDT,805.2,395958,398829,34885.82,9148.39,9229.17,26.14,17.44,909046.0,605344.2,3779.53
424,2023-11-03,BTCUSDT,1089.37,599555,637818,34570.96,19902.35,19168.86,40.0,53.68,1386200.0,1846632.59,5180.23
425,2023-11-02,BTCUSDT,1162.19,698652,752185,35023.39,24712.22,23303.35,69.35,28.74,2406464.78,1000000.27,5117.91
426,2023-11-01,BTCUSDT,1142.63,788406,836229,34670.22,27694.28,25779.0,33.31,68.73,1165754.1,2360808.52,5369.81
427,2023-10-31,BTCUSDT,954.53,575038,604015,34375.25,16894.1,15843.79,10.81,10.0,373517.61,344492.1,3603.46
428,2023-10-30,BTCUSDT,1037.62,535900,581827,34477.97,18420.39,15237.57,12.47,10.46,434111.9,362131.8,3949.81
429,2023-10-29,BTCUSDT,991.88,341354,376126,34438.68,10631.56,10053.96,28.25,13.52,971845.27,464074.9,4162.42
430,2023-10-28,BTCUSDT,948.14,290352,317086,34136.65,8566.82,8313.31,18.03,20.76,614802.55,708351.72,4012.92
431,2023-10-27,BTCUSDT,986.2,535034,577206,33927.18,18020.08,14310.32,12.77,13.13,429632.1,438387.93,3659.92
432,2023-10-26,BTCUSDT,985.75,666328,716457,34282.0,21216.23,18528.43,22.04,18.43,754376.83,639670.57,3796.33
433,2023-10-25,BTCUSDT,1148.56,804787,839189,34386.35,28736.52,26150.5,34.93,16.35,1204127.41,562159.56,4489.76
434,2023-10-24,BTCUSDT,1379.99,1414132,1436028,34174.23,57855.7,57409.32,66.37,113.71,2322113.43,3934262.55,6362.14
435,2023-10-23,BTCUSDT,1035.8,1469324,1370614,31740.22,45674.41,47839.23,24.21,48.07,773509.5,1479511.33,4633.48
436,2023-10-22,BTCUSDT,678.23,491794,516505,29901.96,11691.08,11161.47,49.8,46.03,1489940.79,1385456.34,4291.63
437,2023-10-21,BTCUSDT,713.43,555926,596211,29958.99,13681.39,13836.12,18.3,21.09,545106.08,629031.18,3798.38
438,2023-10-20,BTCUSDT,915.26,954934,960814,29576.2,29955.34,29466.76,46.99,16.43,1409768.21,489812.75,4055.47
439,2023-10-19,BTCUSDT,769.76,649729,680527,28565.95,17468.26,18427.24,36.48,10.46,1033899.31,296235.68,3393.0
440,2023-10-18,BTCUSDT,752.75,596007,619228,28441.98,16572.33,15590.14,14.29,15.57,405052.07,447353.91,3567.54
441,2023-10-17,BTCUSDT,810.47,651622,694188,28373.45,19434.38,18994.07,20.0,14.9,569341.8,424387.89,3577.5
442,2023-10-16,BTCUSDT,965.69,1193108,1096231,28259.44,37661.18,40738.04,61.06,43.88,1703628.41,1250549.5,4672.88
443,2023-10-15,BTCUSDT,604.26,341430,341512,27034.17,7472.0,7802.69,8.85,6.27,238141.05,169337.59,2692.87
444,2023-10-14,BTCUSDT,540.82,235523,282314,26896.42,6038.4,4378.85,5.2,12.0,139828.51,322763.36,2299.52
445,2023-10-13,BTCUSDT,625.46,523197,512125,26875.9,12906.11,11209.65,18.44,23.0,497836.53,616400.0,3089.0
446,2023-10-12,BTCUSDT,588.05,553377,512705,26740.85,12299.78,11128.86,14.27,22.49,379545.03,604315.98,2844.07
447,2023-10-11,BTCUSDT,753.52,678000,658479,26985.07,19889.37,17460.08,36.39,27.4,985468.01,730263.3,3564.45
448,2023-10-10,BTCUSDT,624.84,481308,520964,27472.97,11925.62,10851.22,19.12,15.0,527678.88,409515.0,3020.91
449,2023-10-09,BTCUSDT,752.27,555520,601005,27563.21,16457.32,15077.43,41.3,24.84,1134088.14,683475.99,3936.9
450,2023-10-08,BTCUSDT,668.31,402581,420149,27893.9,10477.49,9216.08,25.55,25.0,716237.31,695625.0,3167.85
451,2023-10-07,BTCUSDT,581.06,310677,330946,27929.46,6956.49,6392.35,16.4,18.31,458855.6,510316.54,2802.47
452,2023-10-06,BTCUSDT,793.6,667348,659352,27749.09,18892.0,19091.24,9.78,17.63,272757.1,483168.04,3508.12
453,2023-10-05,BTCUSDT,701.77,597958,612439,27633.03,15695.5,14985.99,10.56,21.3,291654.71,586305.62,3290.62
454,2023-10-04,BTCUSDT,690.37,589764,598617,27527.36,14738.44,15077.7,14.07,12.82,386499.88,350255.51,3290.78
455,2023-10-03,BTCUSDT,660.61,576664,625713,27443.59,15366.93,13562.04,15.74,92.86,431329.16,2544546.46,4113.83
456,2023-10-02,BTCUSDT,1093.42,704753,759405,28057.47,28647.53,28423.61,39.49,26.86,1088420.16,749670.96,4209.45
457,2023-10-01,BTCUSDT,763.54,443317,440276,27507.21,11786.83,12815.99,36.89,14.17,1001516.54,383563.45,3495.31
458,2023-09-30,BTCUSDT,645.73,258257,276651,27000.05,6583.38,6221.24,8.57,13.81,230914.99,372836.9,2930.45
459,2023-09-29,BTCUSDT,873.91,409404,469206,26961.96,14069.41,14409.36,38.64,11.45,1037243.0,307227.38,3830.86
460,2023-09-28,BTCUSDT,1029.72,561505,597469,26870.93,22054.64,22463.19,23.87,46.23,642470.6,1251282.34,4295.61
461,2023-09-27,BTCUSDT,977.77,442724,496966,26476.81,17957.82,16813.76,15.24,12.23,408482.24,320493.33,3791.87
462,2023-09-26,BTCUSDT,695.43,349261,348466,26216.88,9681.59,8813.76,14.45,10.0,380465.75,262000.0,3006.91
463,2023-09-25,BTCUSDT,787.94,434690,438798,26230.76,13611.62,12654.58,6.36,7.62,165892.33,198712.86,2944.69
464,2023-09-24,BTCUSDT,763.92,258800,286245,26456.35,8159.59,7547.06,13.77,244.17,366216.7,6487500.04,9372.72
465,2023-09-23,BTCUSDT,594.89,199981,221736,26573.06,5053.51,4387.2,36.13,14.49,960249.33,384939.57,3868.8
466,2023-09-22,BTCUSDT,853.98,274848,292301,26604.15,9714.13,8484.1,17.91,16.51,476716.29,439793.18,3243.69
467,2023-09-21,BTCUSDT,1118.23,403883,419533,26686.39,17598.04,16878.78,28.94,16.3,781011.3,433361.55,4208.91
468,2023-09-20,BTCUSDT,1069.09,435570,431718,27111.03,17223.79,16983.43,21.74,66.53,593762.46,1809678.02,5148.49
469,2023-09-19,BTCUSDT,1092.94,447333,450743,27138.03,18339.37,17851.16,27.6,28.93,750604.4,784426.15,4260.28
470,2023-09-18,BTCUSDT,1234.45,465447,473258,26892.9,21448.72,21551.72,30.0,36.66,801300.0,984224.34,5140.99
471,2023-09-17,BTCUSDT,722.99,222804,253971,26506.07,6638.21,6359.89,49.12,24.95,1304361.95,661057.66,4357.0
472,2023-09-16,BTCUSDT,704.56,254665,271751,26575.69,7452.02,6508.91,12.95,24.59,344581.99,654071.31,3084.84
473,2023-09-15,BTCUSDT,1062.85,318219,335875,26469.9,13626.9,12600.39,19.64,21.03,522064.93,559052.89,4042.25
474,2023-09-14,BTCUSDT,1270.23,396013,403265,26517.1,18892.72,19440.45,46.84,30.0,1235293.43,798300.0,5367.72
475,2023-09-13,BTCUSDT,1154.65,340967,373913,26128.02,16323.83,15287.0,56.05,57.89,1453816.12,1499999.86,5705.74
476,2023-09-12,BTCUSDT,1398.58,512998,534058,25939.64,28713.87,27720.52,57.52,54.45,1501150.11,1422690.7,6339.9
477,2023-09-11,BTCUSDT,1223.61,402037,462101,25293.51,22017.42,19664.9,71.48,36.0,1794067.93,901871.14,5109.84
478,2023-09-10,BTCUSDT,987.35,225791,263982,25796.41,9990.76,8747.51,32.37,33.14,837357.31,856640.31,4574.61
479,2023-09-09,BTCUSDT,791.31,161157,197881,25881.11,5768.18,5212.44,30.29,17.71,783301.11,458528.92,3919.12
480,2023-09-08,BTCUSDT,1165.93,293900,352952,25962.13,14760.87,14238.9,9.7,56.75,250443.98,1466785.16,4559.86
481,2023-09-07,BTCUSDT,1137.66,288505,343424,26009.82,14181.3,13506.19,39.74,13.93,1021331.36,360320.9,4364.02
482,2023-09-06,BTCUSDT,1101.31,292821,343481,25645.95,14525.82,12736.71,61.73,27.21,1590165.32,696523.01,5004.29
483,2023-09-05,BTCUSDT,968.52,273792,292944,25759.94,11396.73,9926.66,30.1,57.76,775505.89,1486848.45,4778.54
484,2023-09-04,BTCUSDT,944.21,281461,315369,25860.69,11600.23,10177.37,10.94,24.57,282373.94,634605.93,3769.45
485,2023-09-03,BTCUSDT,912.75,227039,269373,25965.1,8891.31,8583.16,17.64,14.48,459936.31,375217.22,3624.1
486,2023-09-02,BTCUSDT,739.46,277872,289856,25875.19,8615.86,7634.91,13.29,29.94,343234.21,772154.55,2897.28
487,2023-09-01,BTCUSDT,1202.3,431239,449940,25775.3,21071.16,19960.99,82.67,15.55,2149401.02,398243.04,5227.62
488,2023-08-31,BTCUSDT,1440.02,452343,492347,26635.1,26434.69,24598.11,17.29,24.72,462716.04,648835.69,4828.84
489,2023-08-30,BTCUSDT,1403.88,328154,362138,27335.36,18732.68,16715.58,24.86,25.51,678798.12,693496.99,4874.26
490,2023-08-29,BTCUSDT,1779.4,570986,566097,27408.09,36306.44,37945.55,45.34,23.28,1237748.15,627491.13,6393.38
491,2023-08-28,BTCUSDT,1129.91,232135,290922,26083.05,11780.22,10912.41,14.47,16.02,375447.2,416594.36,4200.48
492,2023-08-27,BTCUSDT,903.92,145687,203403,26083.37,5929.16,6170.49,9.26,20.5,240663.37,536228.12,3619.9
493,2023-08-26,BTCUSDT,792.45,136348,193064,26043.02,5340.32,4681.91,9.62,16.0,250622.51,415958.4,3307.98
494,2023-08-25,BTCUSDT,1181.82,279555,331883,26012.28,14494.68,13258.66,10.24,9.68,268243.48,254508.92,4243.3
495,2023-08-24,BTCUSDT,1377.59,272969,302650,26195.81,16217.29,13987.93,14.27,22.55,377264.9,586352.62,4946.72
496,2023-08-23,BTCUSDT,1716.35,332036,341675,26337.58,22068.03,21955.67,35.35,14.79,923394.5,384283.69,5814.2
497,2023-08-22,BTCUSDT,1469.1,285947,317677,25886.94,17810.14,16436.93,19.26,16.86,500774.56,429832.59,5034.47
498,2023-08-21,BTCUSDT,1392.62,265735,300252,26023.0,16215.17,14052.07,12.79,23.74,334670.47,617588.28,4895.59
499,2023-08-20,BTCUSDT,1102.62,227434,224109,26172.51,9147.78,9909.13,13.27,14.03,347916.69,365975.25,4118.04
500,2023-08-19,BTCUSDT,1105.33,286773,328991,26059.86,13208.46,12952.3,46.35,17.02,1203783.77,443530.64,4461.83
501,2023-08-18,BTCUSDT,1418.44,590062,703060,26254.14,36268.41,33522.25,36.44,67.45,954719.88,1755956.55,5045.06
502,2023-08-17,BTCUSDT,1394.24,969559,1007018,27438.61,52775.55,47495.99,50.0,34.0,1320000.0,880706.45,5388.79
503,2023-08-16,BTCUSDT,1249.79,371563,396465,29029.54,18234.84,14761.86,20.56,41.45,601010.89,1200709.45,5337.26
504,2023-08-15,BTCUSDT,1364.57,276302,314860,29320.08,14752.24,12751.64,37.95,51.62,1111804.91,1515802.78,6379.53
505,2023-08-14,BTCUSDT,1376.75,313101,358491,29436.79,16407.0,15036.11,20.0,64.09,588160.0,1877801.25,6766.62
506,2023-08-13,BTCUSDT,954.76,157064,184662,29350.27,5844.64,5257.07,7.94,12.96,233033.24,380335.79,4267.12
507,2023-08-12,BTCUSDT,849.12,134385,176467,29431.03,4789.49,4181.99,15.13,36.72,445039.98,1078964.46,4331.81
508,2023-08-11,BTCUSDT,1386.79,200499,237329,29406.5,10833.1,9803.94,17.71,55.91,522726.29,1643114.89,5926.45
509,2023-08-10,BTCUSDT,1348.79,239862,273829,29502.07,12259.39,11204.07,25.39,25.52,747287.15,753727.57,5474.26
510,2023-08-09,BTCUSDT,1506.69,358808,391444,29784.1,19303.03,18700.86,18.84,30.44,566989.49,909721.56,5512.76
511,2023-08-08,BTCUSDT,1542.39,437199,439969,29672.56,21510.91,24189.62,61.47,14.55,1816114.68,428341.11,6095.1
512,2023-08-07,BTCUSDT,1339.65,320348,351090,28976.34,15591.38,15375.49,13.25,23.09,385463.37,671331.78,4924.71
513,2023-08-06,BTCUSDT,1131.57,156607,182047,29095.13,6706.95,6471.24,14.0,14.98,408125.67,435252.76,4789.82
514,2023-08-05,BTCUSDT,1019.75,144116,187808,29067.67,6154.02,5491.5,10.72,16.31,312513.09,474591.36,4125.0
515,2023-08-04,BTCUSDT,1260.24,244820,300030,29083.15,13012.32,10539.63,12.82,30.0,374275.09,874344.6,4802.11
516,2023-08-03,BTCUSDT,1186.1,310644,341326,29264.77,13575.83,12901.09,14.49,10.82,423073.84,317126.03,4304.25
517,2023-08-02,BTCUSDT,1502.11,445860,499298,29408.27,25227.84,22953.81,16.78,19.56,503541.0,570521.1,5268.69
518,2023-08-01,BTCUSDT,1443.29,440023,460118,29092.57,22887.9,21831.75,40.68,32.67,1172525.94,944420.89,5925.7
519,2023-07-31,BTCUSDT,1177.42,268786,294329,29273.53,11576.26,11029.23,13.26,17.69,386930.38,520660.41,4588.07
520,2023-07-30,BTCUSDT,1010.96,213570,241276,29247.06,7986.56,7720.42,10.24,12.33,300277.86,362708.85,4017.69
521,2023-07-29,BTCUSDT,936.8,157527,182223,29338.67,5408.28,5443.09,58.65,20.0,1718403.39,586679.8,5180.31
522,2023-07-28,BTCUSDT,1293.69,261628,281549,29336.17,12571.25,11422.36,12.61,19.25,367357.56,561150.94,5019.23
523,2023-07-27,BTCUSDT,1131.29,268312,314733,29321.0,12091.52,10384.96,27.75,12.3,809602.02,361870.75,4414.66
524,2023-07-26,BTCUSDT,1326.72,357717,392684,29347.37,17943.69,15987.94,13.29,21.6,390334.75,639227.39,5160.89
525,2023-07-25,BTCUSDT,1179.35,258677,275120,29213.74,11308.45,10257.29,27.43,13.66,800962.13,396738.19,4672.45
526,2023-07-24,BTCUSDT,1337.65,400193,468914,29285.99,21581.33,18047.67,19.41,26.42,569101.79,767383.35,5267.84
527,2023-07-23,BTCUSDT,1056.8,259249,260185,30083.14,9403.43,8889.36,14.1,12.17,421769.85,363135.08,4233.66
528,2023-07-22,BTCUSDT,1032.54,193630,230358,29771.07,7934.9,6725.51,57.35,46.62,1714145.77,1394515.69,7048.17
529,2023-07-21,BTCUSDT,1283.49,258154,297457,29871.13,12315.02,11566.39,55.95,26.17,1667404.17,779421.27,6617.87
530,2023-07-20,BTCUSDT,1501.82,352028,397695,29989.1,19479.35,18061.33,13.32,42.82,397199.6,1276583.14,5659.26
531,2023-07-19,BTCUSDT,1245.93,294301,323114,29947.14,13396.38,12260.98,8.88,9.65,266501.1,288955.22,4488.7
532,2023-07-18,BTCUSDT,1188.64,345486,409289,29855.73,16232.66,13771.2,14.69,21.46,443167.43,637277.95,4349.51
533,2023-07-17,BTCUSDT,1138.62,379485,436981,30098.97,16530.55,14352.22,10.0,11.68,302534.1,346855.61,4422.02
534,2023-07-16,BTCUSDT,965.53,231669,262556,30241.05,8437.68,7322.44,31.67,9.04,954801.36,274122.12,4188.64
535,2023-07-15,BTCUSDT,876.25,223737,264617,30292.16,7688.0,6430.55,10.81,14.61,327406.82,442782.45,3655.81
536,2023-07-14,BTCUSDT,1466.94,584461,689926,30726.54,32235.7,28513.78,16.44,20.0,515877.45,614119.8,5163.66
537,2023-07-13,BTCUSDT,1686.29,658679,642953,31083.79,34687.68,36084.84,54.58,65.69,1728566.02,2078969.5,7412.42
538,2023-07-12,BTCUSDT,1487.51,378747,405448,30593.86,19857.72,18251.28,16.98,48.25,516842.35,1475155.75,5477.68
539,2023-07-11,BTCUSDT,1257.16,338129,353084,30551.93,14806.67,13670.16,19.65,9.0,601004.27,274999.89,4510.87
540,2023-07-10,BTCUSDT,1398.54,440080,456773,30362.06,21688.64,19574.23,49.01,16.14,1519346.89,493662.41,5539.73
541,2023-07-09,BTCUSDT,984.39,225488,247680,30228.12,8371.15,7017.35,28.01,20.15,847200.86,608080.43,4244.18
542,2023-07-08,BTCUSDT,824.13,220076,260138,30185.87,7103.68,5990.91,16.75,20.65,508624.42,624035.94,3912.0
543,2023-07-07,BTCUSDT,1125.43,399944,513004,30141.6,19194.68,14875.86,26.3,24.77,796995.75,738009.22,4201.45
544,2023-07-06,BTCUSDT,1561.7,651307,745735,30568.05,37366.99,33952.63,24.29,28.07,755289.62,839341.44,5472.11
545,2023-07-05,BTCUSDT,1224.38,393050,434876,30466.77,17596.55,15619.12,19.23,31.6,582636.5,964435.23,4967.62
546,2023-07-04,BTCUSDT,1319.86,369954,409518,30964.05,19098.75,14107.37,26.58,33.52,831724.96,1050745.72,5749.55
547,2023-07-03,BTCUSDT,1730.03,384637,397218,30974.11,22875.7,20885.94,38.55,32.6,1180472.48,999295.3,6888.36
548,2023-07-02,BTCUSDT,1202.01,282595,308938,30528.78,12656.16,10630.25,15.0,8.84,460500.0,271895.5,4538.04
549,2023-07-01,BTCUSDT,939.93,272926,295049,30529.43,9399.61,8102.14,9.93,10.31,302036.88,312599.16,3825.78
550,2023-06-30,BTCUSDT,1748.37,766364,793002,30408.74,45099.26,44319.81,28.55,19.7,858390.32,595882.35,6046.17
551,2023-06-29,BTCUSDT,1460.84,375775,382653,30539.42,18496.24,17834.39,24.65,11.31,756715.4,344981.82,5270.9
552,2023-06-28,BTCUSDT,1367.0,426665,468805,30229.68,21286.77,19176.75,45.51,19.97,1385735.35,602162.48,5410.69
553,2023-06-27,BTCUSDT,1584.48,404579,419794,30616.13,21548.35,21151.3,43.9,32.74,1347831.0,996252.76,6187.7
554,2023-06-26,BTCUSDT,1432.62,456608,498175,30233.28,22902.83,22277.58,19.53,13.99,588558.55,423163.04,5040.65
555,2023-06-25,BTCUSDT,1172.69,383880,406030,30608.67,15595.47,14627.97,24.56,22.1,751580.37,671678.56,4705.72
556,2023-06-24,BTCUSDT,1202.1,366359,409984,30558.32,16015.74,14497.56,31.85,20.33,975764.08,620200.72,5034.24
557,2023-06-23,BTCUSDT,1692.21,676074,662459,30679.62,37642.58,36289.32,29.83,25.92,926817.48,798391.13,6081.38
558,2023-06-22,BTCUSDT,1549.46,547804,598288,30011.02,31151.63,27902.93,34.42,42.16,1020458.71,1283790.88,6043.42
559,2023-06-21,BTCUSDT,1714.11,977982,894891,29572.24,53079.43,55846.97,31.64,38.55,911879.65,1111755.54,5665.46
560,2023-06-20,BTCUSDT,1608.71,602876,586148,27590.69,34614.38,35052.57,102.98,20.58,2867963.48,571627.11,6071.77
561,2023-06-19,BTCUSDT,1302.24,364687,368048,26633.08,18279.46,17593.2,38.25,18.49,1015025.46,492643.64,4574.79
562,2023-06-18,BTCUSDT,1027.08,262618,293338,26512.74,11171.23,10367.08,25.89,14.27,687454.76,378655.1,4250.19
563,2023-06-17,BTCUSDT,1107.24,321201,345766,26485.86,13998.57,13843.65,28.57,15.8,754338.18,422473.95,4512.08
564,2023-06-16,BTCUSDT,1441.55,442323,483871,25832.36,27541.26,24055.66,21.5,38.29,551862.75,976346.81,4975.28
565,2023-06-15,BTCUSDT,1298.08,457845,485423,25223.63,24629.04,24035.82,31.73,34.82,794894.75,868763.67,4760.76
566,2023-06-14,BTCUSDT,1204.08,435604,521814,25466.69,24351.18,20726.14,18.89,28.04,472326.75,703697.07,4348.46
567,2023-06-13,BTCUSDT,1061.41,497181,509957,26003.17,20945.28,20120.33,15.58,20.85,407184.86,542850.7,4055.9
568,2023-06-12,BTCUSDT,901.25,426397,431640,25885.71,15680.54,14219.97,21.46,33.92,555833.2,877203.31,3500.91
569,2023-06-11,BTCUSDT,930.7,404506,429396,25857.01,15748.19,14266.11,30.0,22.28,772890.0,573652.54,3435.35
570,2023-06-10,BTCUSDT,976.62,786551,927320,25766.63,33386.47,31558.13,27.45,36.16,711110.1,924614.78,4146.52
571,2023-06-09,BTCUSDT,992.3,337735,409176,26553.43,15177.64,12757.07,8.23,24.09,218123.3,640314.93,3807.37
572,2023-06-08,BTCUSDT,970.26,391018,457234,26509.7,16460.9,14614.61,47.33,27.96,1268979.77,736181.01,4244.06
573,2023-06-07,BTCUSDT,1211.42,648668,663260,26646.25,31523.93,28095.51,20.07,17.55,529335.56,459913.23,4417.49
574,2023-06-06,BTCUSDT,1335.81,695041,650684,26322.91,33308.82,35083.79,34.1,24.63,924659.11,633438.79,4575.8
575,2023-06-05,BTCUSDT,1212.44,664525,756304,26049.36,35222.25,30583.35,29.79,35.84,759592.51,958879.35,4742.57
576,2023-06-04,BTCUSDT,1038.2,239863,264611,27172.78,9746.69,9511.72,22.88,12.92,623046.27,349722.81,3982.85
577,2023-06-03,BTCUSDT,965.85,211281,255239,27138.54,8849.55,7745.79,8.12,11.25,219414.4,304128.04,3581.36
578,2023-06-02,BTCUSDT,1213.01,390271,420816,27033.41,18246.23,18134.68,31.96,17.85,871843.7,486816.44,4411.53
579,2023-06-01,BTCUSDT,1295.61,384879,429510,26901.91,20597.12,18620.69,15.74,19.58,421767.56,531205.4,4548.44
580,2023-05-31,BTCUSDT,1393.4,422574,485963,27182.56,24626.14,21962.67,43.24,32.82,1171850.61,902725.1,5549.8
581,2023-05-30,BTCUSDT,1218.63,348287,397346,27804.34,17490.23,15196.52,9.32,30.42,257383.73,844282.95,4194.06
582,2023-05-29,BTCUSDT,1468.11,375163,430416,27874.5,22185.57,20199.85,28.13,35.33,774891.41,973600.04,5607.25
583,2023-05-28,BTCUSDT,1428.86,439527,404334,27516.1,20569.45,23346.56,35.91,28.4,979249.07,798143.69,5103.59
584,2023-05-27,BTCUSDT,970.27,192801,222893,26743.23,7943.39,7152.3,11.8,20.0,314495.53,533180.0,3626.66
585,2023-05-26,BTCUSDT,1422.51,305962,349793,26719.28,18553.81,16507.37,30.16,94.98,797325.13,2518761.4,5682.78
586,2023-05-25,BTCUSDT,1306.71,351279,401846,26338.23,19662.36,17773.09,10.54,20.44,277960.63,536538.45,4155.11
587,2023-05-24,BTCUSDT,1424.45,481375,531392,26530.92,27694.15,26698.91,68.26,20.88,1819140.73,556996.17,4858.11
588,2023-05-23,BTCUSDT,1291.73,396925,419474,27205.26,19734.64,18966.2,23.72,15.43,649450.04,422058.36,4362.67
589,2023-05-22,BTCUSDT,989.52,342811,374300,26873.2,13819.16,12639.68,46.77,30.45,1242477.8,810299.36,4243.83
590,2023-05-21,BTCUSDT,1011.03,266785,302152,26920.94,11492.43,9855.44,12.93,17.22,351323.12,460783.92,3730.42
591,2023-05-20,BTCUSDT,808.56,220769,260613,27023.66,7664.6,6769.94,16.46,28.5,446139.71,770839.43,3438.65
592,2023-05-19,BTCUSDT,1021.91,358349,397946,26876.13,15131.89,13622.25,18.68,53.56,503346.5,1440772.04,4255.15
593,2023-05-18,BTCUSDT,1258.6,511564,545754,26930.12,25538.76,23659.89,20.0,15.67,544425.8,413664.77,4572.38
594,2023-05-17,BTCUSDT,1140.53,523738,493085,27090.33,21324.96,21634.02,27.0,20.0,729000.0,540000.0,4409.05
595,2023-05-16,BTCUSDT,1103.76,384383,431259,27037.89,17299.46,15971.0,16.66,20.58,451136.41,557162.34,4342.78
596,2023-05-15,BTCUSDT,1180.27,446181,489733,27313.72,21128.84,19301.25,107.71,26.62,2938447.2,733261.98,5629.33
597,2023-05-14,BTCUSDT,922.59,315390,314147,26932.6,10922.65,10672.15,14.16,20.67,378429.97,556192.66,3662.21
598,2023-05-13,BTCUSDT,1011.59,302624,302425,26835.02,11855.6,10959.3,17.33,15.88,466391.21,426589.11,3674.65
599,2023-05-12,BTCUSDT,1314.74,692004,659629,26408.12,34060.66,33147.27,14.06,52.3,373831.46,1391089.03,4599.59
600,2023-05-11,BTCUSDT,1030.87,647148,609852,27203.93,24365.2,23270.12,32.81,27.84,902407.36,762744.49,4097.92
601,2023-05-10,BTCUSDT,1284.5,752215,782364,27727.52,36756.28,34398.84,34.29,39.4,926663.09,1089912.43,5314.45
602,2023-05-09,BTCUSDT,1102.85,518607,485091,27604.14,20019.21,20094.1,23.4,11.13,644658.7,306584.39,3539.08
603,2023-05-08,BTCUSDT,1188.93,783904,816733,27867.9,35896.79,32347.57,31.42,50.0,860863.06,1402500.0,4307.86
604,2023-05-07,BTCUSDT,1012.17,425432,429993,28840.15,15099.4,14904.01,39.03,15.27,1123148.13,442820.14,3624.67
605,2023-05-06,BTCUSDT,1170.76,605566,615455,28957.04,25933.33,23315.95,61.01,39.44,1740534.64,1161573.08,5161.43
606,2023-05-05,BTCUSDT,1327.45,642420,645607,29261.56,29343.84,29071.99,57.18,49.24,1659832.34,1442360.86,5024.89
607,2023-05-04,BTCUSDT,1283.16,470246,491296,29005.33,22105.26,20470.21,29.53,22.89,853302.56,660931.12,4446.47
608,2023-05-03,BTCUSDT,1228.26,761420,741489,28562.32,32324.58,32291.21,20.58,20.77,596820.0,602784.23,4028.32
609,2023-05-02,BTCUSDT,1227.32,582653,592044,28372.57,26035.15,24789.37,21.85,24.33,613952.97,681144.52,4152.4
610,2023-05-01,BTCUSDT,1341.53,664767,698026,28318.34,33671.73,30761.93,63.45,24.89,1814807.28,709469.59,4920.86
611,2023-04-30,BTCUSDT,1234.55,476869,472589,29483.6,19858.26,19894.27,29.07,43.01,854110.97,1288259.72,5293.05
612,2023-04-29,BTCUSDT,967.95,314338,304981,29285.48,10442.23,10024.6,8.39,16.98,246919.41,499015.83,3306.51
613,2023-04-28,BTCUSDT,1408.63,570895,558345,29226.05,27638.95,26659.22,59.94,32.27,1738122.83,950818.26,5518.52
614,2023-04-27,BTCUSDT,1399.32,1047611,942537,29186.6,46828.85,48601.97,28.49,35.89,848893.23,1071386.95,4936.58
615,2023-04-26,BTCUSDT,1644.47,1118361,1143581,28864.39,64687.85,64540.56,81.87,30.2,2280039.4,894003.42,6437.59
616,2023-04-25,BTCUSDT,1330.49,551897,535170,27692.06,25491.67,26833.47,60.58,35.39,1660548.23,965845.22,5477.92
617,2023-04-24,BTCUSDT,1204.22,607423,603657,27437.19,27470.29,25641.28,20.58,70.7,562463.54,1926621.32,4840.92
618,2023-04-23,BTCUSDT,1098.35,457347,416138,27570.2,17201.62,17610.48,58.61,20.58,1618078.64,564509.4,5048.56
619,2023-04-22,BTCUSDT,1151.11,477730,381770,27488.45,17410.8,18612.9,24.47,17.99,673949.13,490181.45,4701.72
620,2023-04-21,BTCUSDT,1478.97,745060,718568,27815.83,39265.63,38419.14,46.13,55.47,1294078.33,1553174.0,5912.8
621,2023-04-20,BTCUSDT,1532.68,712092,722550,28535.58,39959.51,36919.59,41.17,35.16,1167110.25,998986.51,6386.56
622,2023-04-19,BTCUSDT,1494.97,813453,886438,29245.78,45107.7,41467.79,43.58,85.62,1276893.49,2500000.11,7626.5
623,2023-04-18,BTCUSDT,1630.22,568360,573202,30023.25,29587.32,32417.57,53.19,20.58,1563423.63,615681.16,6095.13
624,2023-04-17,BTCUSDT,1473.05,547357,589937,29651.53,29561.63,26880.18,27.71,119.91,830741.54,3578904.21,6712.0
625,2023-04-16,BTCUSDT,1131.44,333210,375023,30310.07,13268.26,13163.74,32.32,28.52,985729.5,862390.63,4886.18
626,2023-04-15,BTCUSDT,1054.33,344714,387704,30375.14,13005.47,12424.35,38.99,27.52,1181641.72,836698.54,4591.37
627,2023-04-14,BTCUSDT,1544.54,744362,759818,30520.7,37577.6,38406.59,70.55,20.53,2174323.26,632577.67,5887.61
628,2023-04-13,BTCUSDT,1490.4,545065,509079,30291.82,25166.46,26767.65,20.58,22.79,623574.0,688253.24,5053.64
629,2023-04-12,BTCUSDT,1494.92,624556,622000,30018.74,30913.1,31136.39,26.35,19.39,790802.29,579790.33,5263.16
630,2023-04-11,BTCUSDT,1526.4,698335,642123,30085.51,33223.15,34766.93,76.41,38.7,2282658.23,1166331.55,6165.78
631,2023-04-10,BTCUSDT,1520.81,660587,625108,28941.31,31606.44,36147.62,50.23,53.15,1431436.16,1552102.06,6536.25
632,2023-04-09,BTCUSDT,1175.32,385051,392538,28087.01,15645.45,16885.71,26.24,27.31,734710.2,777019.57,4674.03
633,2023-04-08,BTCUSDT,873.69,297565,326594,27990.58,9750.73,9729.24,25.67,17.05,721994.42,478447.86,3861.88
634,2023-04-07,BTCUSDT,1054.44,306075,349559,27910.62,12778.96,11983.13,20.0,44.11,557800.0,1227485.56,4407.42
635,2023-04-06,BTCUSDT,1201.34,451995,482553,27966.18,20810.31,19308.64,16.69,20.87,465879.82,583351.16,4453.14
636,2023-04-05,BTCUSDT,1363.0,628003,634727,28284.83,30180.76,30556.89,40.51,63.2,1162712.48,1801297.19,5710.65
637,2023-04-04,BTCUSDT,1267.82,541145,560862,28091.15,24638.6,25083.95,50.0,29.66,1400000.0,836470.94,4957.42
638,2023-04-03,BTCUSDT,1341.17,792904,858158,27997.65,38645.19,40534.82,58.04,28.11,1615141.88,779497.33,5041.79
639,2023-04-02,BTCUSDT,1122.69,456061,482403,28180.96,19468.64,17897.02,18.5,30.62,521393.22,860663.69,4502.49
640,2023-04-01,BTCUSDT,1046.21,427004,395777,28488.92,15067.07,15171.38,35.4,15.77,1005466.22,449847.82,4183.51
641,2023-03-31,BTCUSDT,1433.15,771335,766014,28201.14,38561.65,39636.47,23.09,49.53,658100.14,1375344.52,4890.49
642,2023-03-30,BTCUSDT,1523.32,908788,934864,28367.3,49765.22,49100.21,52.68,24.73,1474936.4,693529.02,5947.8
643,2023-03-29,BTCUSDT,1478.62,867763,836454,28224.41,43744.08,45742.08,27.93,42.73,773195.15,1199933.86,5005.89
644,2023-03-28,BTCUSDT,1395.9,735810,786171,27068.93,39629.83,38972.61,57.12,40.18,1542342.87,1088830.3,4918.92
645,2023-03-27,BTCUSDT,1528.08,748252,827012,27348.2,44887.55,43151.92,49.45,46.04,1320327.31,1238410.36,5586.59
646,2023-03-26,BTCUSDT,1292.81,518890,549306,27809.13,24423.55,25248.16,28.23,14.26,789036.82,395091.75,4427.57
647,2023-03-25,BTCUSDT,1283.37,503098,585623,27475.45,25517.13,25326.95,33.18,28.7,912540.2,784060.69,4433.53
648,2023-03-24,BTCUSDT,1590.49,725690,785447,27837.37,44792.5,41449.56,50.0,25.94,1387500.0,722625.37,5381.21
649,2023-03-23,BTCUSDT,1663.26,1080511,1078580,27969.94,63477.58,65172.02,24.36,31.44,679447.06,859094.34,5256.66
650,2023-03-22,BTCUSDT,1747.43,1694456,1894871,27968.54,113757.44,110355.97,50.22,93.78,1433227.43,2633383.47,5857.86
651,2023-03-21,BTCUSDT,1019.91,5785554,5745316,27946.27,210457.4,210472.34,34.23,70.38,950924.4,1977614.77,3907.96
652,2023-03-20,BTCUSDT,1129.46,5906642,5869308,27851.58,237612.94,239765.29,67.65,86.02,1895918.23,2352736.71,4207.55
653,2023-03-19,BTCUSDT,1071.66,4830637,4747660,27594.95,183916.43,188150.56,69.08,135.48,1874174.86,3766385.98,4610.94
654,2023-03-18,BTCUSDT,1018.83,4968496,4980107,27302.96,185551.26,185687.71,55.45,85.72,1491525.11,2348598.4,4456.62
655,2023-03-17,BTCUSDT,1256.48,6617605,6495754,26404.93,306438.07,318022.61,137.73,72.2,3649908.07,1853362.45,4697.34
656,2023-03-16,BTCUSDT,1041.2,5259284,5158797,24692.46,219018.03,220403.3,66.57,67.47,1653720.02,1673148.86,3840.11
657,2023-03-15,BTCUSDT,1133.03,6295923,6317111,24579.0,290257.86,291192.87,69.95,53.14,1692792.66,1316689.76,3861.39
658,2023-03-14,BTCUSDT,1147.25,7641577,7582012,24988.74,347621.81,351739.12,80.0,62.6,1976000.0,1617503.64,4217.37
659,2023-03-13,BTCUSDT,1067.76,7455441,7365319,23051.51,341201.14,346688.17,70.48,60.3,1588021.96,1347155.62,3899.04
660,2023-03-12,BTCUSDT,923.93,4934614,4787319,20862.24,212305.87,218639.07,49.86,27.79,1092112.27,567297.53,3307.28
661,2023-03-11,BTCUSDT,830.9,5199537,5212763,20227.27,214680.34,213151.48,95.15,47.51,1939126.63,951066.52,3325.34
662,2023-03-10,BTCUSDT,1019.72,6017401,6088860,19958.21,310300.66,308155.81,67.9,81.72,1350657.08,1636109.48,3510.92
663,2023-03-09,BTCUSDT,933.15,4993248,5083454,21193.0,225757.69,217900.6,31.78,41.2,689715.23,839699.11,3048.31
664,2023-03-08,BTCUSDT,828.18,3998862,4020101,22029.32,151452.55,150008.02,58.5,50.91,1301562.92,1122668.03,3132.16
665,2023-03-07,BTCUSDT,834.16,3874208,3939186,22274.61,147021.17,145498.64,59.1,46.74,1308462.71,1028237.1,3314.45
666,2023-03-06,BTCUSDT,706.06,3257608,3213670,22425.77,101641.57,102110.26,32.04,30.77,720926.55,690645.22,2729.41
667,2023-03-05,BTCUSDT,718.16,2474891,2361087,22442.54,77447.4,77394.36,42.14,53.57,944035.23,1201840.52,2697.32
668,2023-03-04,BTCUSDT,649.14,2121794,2047466,22319.88,61214.05,60043.33,41.37,50.0,919839.55,1117300.0,2713.93
669,2023-03-03,BTCUSDT,872.49,4090633,4124006,22375.21,163126.88,156827.31,49.06,122.08,1123077.94,2799508.2,3467.27
670,2023-03-02,BTCUSDT,753.62,3727153,3708662,23414.54,119793.45,119522.01,80.09,40.33,1871586.28,945103.32,2954.29
671,2023-03-01,BTCUSDT,792.46,4778613,4611874,23608.78,157325.49,157961.93,33.82,57.92,802226.39,1371632.51,2996.41
672,2023-02-28,BTCUSDT,645.11,4843214,4725529,23367.7,132940.17,131200.83,38.0,63.13,889133.32,1481299.8,2576.25
673,2023-02-27,BTCUSDT,566.59,5942251,5811944,23473.11,142346.04,141360.05,42.25,27.3,987378.06,641285.46,2519.06
674,2023-02-26,BTCUSDT,496.12,4787050,4718965,23312.1,101320.34,101003.39,33.42,32.98,777126.6,767696.64,2302.74
675,2023-02-25,BTCUSDT,482.9,4521426,4603142,23032.14,96871.67,94440.14,33.42,74.47,770105.09,1715383.61,2229.02
676,2023-02-24,BTCUSDT,701.35,5730993,5800431,23538.79,173319.44,170263.13,118.82,79.05,2834014.2,1897200.72,3259.73
677,2023-02-23,BTCUSDT,841.99,5716355,5680522,24086.41,200319.77,198080.68,59.81,68.84,1417492.5,1669333.38,3280.31
678,2023-02-22,BTCUSDT,798.68,5684985,5710972,23980.23,191222.01,188203.74,64.05,147.34,1524442.12,3538446.95,3462.69
679,2023-02-21,BTCUSDT,866.38,5381407,5330964,24677.97,188971.33,187029.5,66.43,100.0,1637261.25,2453000.0,3487.34
680,2023-02-20,BTCUSDT,872.82,4951693,4857035,24676.26,172485.53,174453.04,140.63,58.02,3507931.78,1437792.1,3686.7
681,2023-02-19,BTCUSDT,967.14,3830133,3830351,24657.64,150715.71,149680.28,34.28,100.91,853462.69,2504263.27,3829.97
682,2023-02-18,BTCUSDT,848.13,3141532,3154565,24613.45,109450.16,107467.09,118.8,27.04,2928307.1,661034.11,3602.08
683,2023-02-17,BTCUSDT,1098.53,5455946,5439063,24103.18,247725.27,249087.95,64.93,41.23,1597339.01,979962.22,4014.18
684,2023-02-16,BTCUSDT,1006.2,5536902,5469891,24610.75,225683.91,224396.78,35.29,67.27,865693.38,1661618.4,3928.68
685,2023-02-15,BTCUSDT,1032.22,4222976,4112574,22950.6,184871.01,190798.16,79.74,53.7,1873996.69,1188760.69,3858.0
686,2023-02-14,BTCUSDT,1031.5,4083742,3612185,21928.61,179951.69,182006.72,46.14,45.74,1012849.01,990401.4,4175.58
687,2023-02-13,BTCUSDT,984.81,3220587,3283024,21656.36,148509.38,147221.39,60.09,32.4,1302759.22,699866.78,3635.07
688,2023-02-12,BTCUSDT,979.82,2263801,2298102,21863.11,103241.3,101194.35,41.57,53.67,912386.87,1171682.21,3513.55
689,2023-02-11,BTCUSDT,913.04,2114868,2093072,21710.55,89083.62,87937.96,24.87,50.51,539449.82,1094486.69,2905.31
690,2023-02-10,BTCUSDT,1053.73,3493516,3500159,21754.92,171172.27,167419.67,67.78,33.08,1483206.11,715952.91,3470.19
691,2023-02-09,BTCUSDT,925.26,4796227,4988064,22464.92,203585.01,199309.68,92.27,180.0,2094474.97,4089600.0,4119.74
692,2023-02-08,BTCUSDT,817.79,3865739,4030694,23060.28,141428.58,138627.73,31.83,38.66,736096.24,885390.03,3303.45
693,2023-02-07,BTCUSDT,854.36,4184009,4109869,23010.61,153393.48,154613.25,36.92,45.62,856486.0,1046645.58,3300.53
694,2023-02-06,BTCUSDT,873.45,3457011,3499384,22896.12,133021.08,132350.53,31.66,29.57,727938.81,678020.63,3304.15
695,2023-02-05,BTCUSDT,820.21,2942983,2960933,23138.17,105366.12,103885.22,33.46,42.95,772302.73,991517.75,3216.33
696,2023-02-04,BTCUSDT,801.0,2438421,2413983,23389.96,84262.54,81863.93,20.9,34.95,487729.44,819463.77,3133.99
697,2023-02-03,BTCUSDT,974.86,3988103,4019743,23467.45,166427.7,166143.33,28.84,35.0,680179.3,817775.0,3315.16
698,2023-02-02,BTCUSDT,952.91,4530549,4571751,23823.51,182363.0,181814.2,40.39,40.57,958642.17,960421.37,4040.87
699,2023-02-01,BTCUSDT,917.25,3937514,3925699,23203.68,154682.84,156107.58,33.42,43.94,790462.23,1041080.57,3648.23
700,2023-01-31,BTCUSDT,894.89,3393322,3405089,22994.18,131621.22,133028.13,54.18,53.77,1254603.72,1245835.12,3406.64
701,2023-01-30,BTCUSDT,901.22,3832405,3957819,23206.73,153309.37,149096.53,168.58,78.45,3936379.19,1850338.53,3900.37
702,2023-01-29,BTCUSDT,987.35,3531407,3499430,23487.41,146181.29,149507.51,32.98,43.62,776727.98,1012844.56,3990.07
703,2023-01-28,BTCUSDT,815.19,2075933,2105883,23013.8,74253.88,73861.84,22.61,31.55,521822.18,728821.13,3081.17
704,2023-01-27,BTCUSDT,912.79,3502406,3576690,23015.48,141134.59,139699.28,34.6,54.12,793966.2,1224091.03,3842.51
705,2023-01-26,BTCUSDT,928.08,3563459,3617627,23064.48,145739.35,143185.08,98.77,46.01,2279048.52,1058845.16,3574.9
706,2023-01-25,BTCUSDT,977.07,4053106,4007340,22758.45,173394.93,172647.9,130.49,54.91,2988259.31,1304167.6,4128.7
707,2023-01-24,BTCUSDT,908.84,3663956,3731628,22915.67,148918.94,144239.84,55.9,85.96,1280630.97,1974888.5,3828.19
708,2023-01-23,BTCUSDT,923.61,3641874,3616781,22829.46,147733.67,145854.71,49.97,53.18,1144313.0,1210213.99,3537.02
709,2023-01-22,BTCUSDT,874.58,3331209,3272618,22771.5,127734.84,125842.92,31.96,55.23,730462.75,1262101.31,3911.14
710,2023-01-21,BTCUSDT,1018.27,3927415,3869105,22910.64,173782.31,172663.17,49.81,100.0,1155688.98,2285000.0,4592.5
711,2023-01-20,BTCUSDT,982.9,3736669,3645766,21505.97,167879.09,170200.05,50.0,61.23,1130650.0,1382000.18,3827.78
712,2023-01-19,BTCUSDT,900.87,2955627,2864305,20867.43,126461.61,124924.23,44.86,29.91,935673.19,632483.53,3100.89
713,2023-01-18,BTCUSDT,971.45,3817313,3799860,21086.39,177741.6,173174.42,41.97,100.0,873072.51,2130000.0,4020.68
714,2023-01-17,BTCUSDT,906.9,3229614,3210524,21210.31,138286.1,137121.64,46.14,44.77,977270.19,948206.4,3550.08
715,2023-01-16,BTCUSDT,899.69,3443237,3413197,21056.32,147725.41,145352.67,44.81,51.28,947685.27,1061579.21,3655.79
716,2023-01-15,BTCUSDT,714.34,2626342,2568012,20787.14,90231.39,88310.84,56.98,30.0,1176424.77,627000.0,3346.89
717,2023-01-14,BTCUSDT,944.98,4393735,4265810,20758.95,196096.2,197817.55,54.91,100.0,1138826.76,2050000.0,4329.42
718,2023-01-13,BTCUSDT,880.31,4044390,3977384,19179.19,185166.98,183448.89,47.0,60.09,931494.41,1199475.44,3728.76
719,2023-01-12,BTCUSDT,936.83,4483833,4427540,18382.42,227272.99,227295.33,46.92,43.13,883131.65,820617.88,3679.21
720,2023-01-11,BTCUSDT,815.1,2838193,2789271,17492.74,132277.04,129944.57,60.34,37.22,1051982.38,649146.37,3097.6
721,2023-01-10,BTCUSDT,702.78,2749428,2699323,17303.66,112004.97,109377.46,89.96,36.65,1567728.38,632935.48,2776.58
722,2023-01-09,BTCUSDT,725.43,3163291,3164376,17243.8,134463.0,131748.53,28.39,27.5,489090.92,473782.79,2638.53
723,2023-01-08,BTCUSDT,567.86,2022834,2013258,16966.68,67955.29,67200.6,19.92,21.76,341738.62,373406.58,2050.53
724,2023-01-07,BTCUSDT,548.53,1610614,1616547,16934.91,52901.74,51624.83,17.65,17.3,298909.97,293284.8,1733.19
725,2023-01-06,BTCUSDT,647.71,2685758,2702903,16827.41,104081.05,103320.23,32.35,28.46,542352.51,478428.61,2297.92
726,2023-01-05,BTCUSDT,568.17,2423596,2418418,16827.01,82513.99,80959.57,37.35,37.81,627696.0,637216.59,2009.3
727,2023-01-04,BTCUSDT,587.86,3205199,3105504,16840.82,110615.07,109747.12,59.93,55.31,1008615.0,931973.5,2571.34
728,2023-01-03,BTCUSDT,522.36,2608048,2489548,16688.24,79945.77,79595.76,38.43,21.18,642847.21,353282.73,1798.26
729,2023-01-02,BTCUSDT,504.12,2065242,1970876,16699.56,60963.31,60925.26,31.53,47.81,526903.23,797819.57,2135.82
730,2023-01-01,BTCUSDT,498.64,1645405,1572950,16558.33,48376.63,48548.78,28.88,17.16,477738.38,283701.3,1743.42
731,2022-12-31,BTCUSDT,567.24,1702776,1641598,16569.11,57469.36,57021.07,18.97,17.71,314457.73,293554.54,1988.6
732,2022-12-30,BTCUSDT,632.61,2178804,2131611,16534.69,82745.84,82170.47,29.31,43.18,481342.45,717277.94,2445.5
733,2022-12-29,BTCUSDT,586.68,2304552,2249325,16592.91,80020.85,80977.62,28.3,40.55,468363.68,669886.52,2168.54
734,2022-12-28,BTCUSDT,587.49,2688531,2776937,16630.9,96919.38,96118.19,25.36,38.64,422226.02,641398.6,2262.6
735,2022-12-27,BTCUSDT,578.17,2511591,2536037,16792.02,87653.0,86096.59,35.96,25.29,604487.6,421429.19,2156.81
736,2022-12-26,BTCUSDT,536.07,1940532,1975039,16855.67,62822.83,61741.18,19.18,19.77,322980.06,333912.71,1949.6
737,2022-12-25,BTCUSDT,590.69,1812503,1757654,16803.21,63367.53,62073.54,36.97,100.0,621463.53,1682100.0,2665.09
738,2022-12-24,BTCUSDT,548.19,1558402,1518583,16829.7,50646.07,49578.22,56.79,64.97,955586.0,1094820.09,2734.04
739,2022-12-23,BTCUSDT,596.36,2311101,2249919,16830.93,80577.82,81034.19,21.18,20.24,356648.88,341480.35,2104.2
740,2022-12-22,BTCUSDT,630.44,2375499,2303141,16763.13,88470.37,87573.9,32.99,30.34,555284.31,509064.76,2283.45
741,2022-12-21,BTCUSDT,603.01,2213698,2161872,16824.8,79135.6,77675.36,33.21,43.68,557909.86,736786.0,2324.22
742,2022-12-20,BTCUSDT,702.51,3009584,2936219,16803.77,124591.54,124217.39,39.23,88.99,658750.45,1473964.6,3075.77
743,2022-12-19,BTCUSDT,636.73,2364570,2317317,16638.52,91484.05,87610.24,39.98,26.75,661219.91,444101.79,2624.79
744,2022-12-18,BTCUSDT,559.38,1727057,1642136,16736.35,57080.19,55539.13,43.25,27.33,721420.34,458291.4,2745.33
745,2022-12-17,BTCUSDT,619.03,1997828,1908015,16692.83,72536.0,72289.66,72.88,53.25,1214962.28,887830.85,3247.64
746,2022-12-16,BTCUSDT,755.56,2835438,2867563,16998.01,130004.21,123374.83,31.61,42.72,548900.01,709230.02,3367.28
747,2022-12-15,BTCUSDT,819.21,2442643,2346583,17527.18,113508.33,110193.64,39.67,42.42,689612.08,743572.99,3850.11
748,2022-12-14,BTCUSDT,832.2,2904344,2839386,17915.34,133373.11,133308.11,53.7,50.0,968231.55,909541.0,3305.73
749,2022-12-13,BTCUSDT,798.44,3172978,3069102,17528.47,140540.06,143922.85,46.96,40.99,835815.38,730073.93,3039.39
750,2022-12-12,BTCUSDT,861.3,2237283,2226633,16999.9,113940.55,112286.94,50.68,65.67,858949.72,1113266.85,3084.54
751,2022-12-11,BTCUSDT,816.9,1664084,1596638,17156.93,77546.1,77740.37,113.8,139.14,1945997.1,2389060.07,4465.41
752,2022-12-10,BTCUSDT,795.43,1545728,1486529,17154.16,70218.64,70355.34,50.52,137.12,866109.67,2354422.51,3782.41
753,2022-12-09,BTCUSDT,957.02,2138063,2143940,17187.06,120390.15,118031.91,124.63,319.0,2144551.93,5518700.0,4521.53
754,2022-12-08,BTCUSDT,886.99,2272627,2247655,16958.32,119179.22,117238.76,39.31,82.84,662438.26,1428168.15,3644.01
755,2022-12-07,BTCUSDT,868.9,2125839,2159150,16863.67,112854.36,107803.05,82.79,50.96,1391293.0,854678.45,3648.71
756,2022-12-06,BTCUSDT,841.76,2218083,2198781,16996.66,110281.23,108449.54,33.68,30.29,574555.73,513997.45,2983.56
757,2022-12-05,BTCUSDT,781.47,2559098,2579109,17177.5,118195.09,115508.2,120.5,266.68,2074972.84,4613598.6,4311.17
758,2022-12-04,BTCUSDT,769.82,2024524,1924466,17023.15,89259.78,89359.35,37.63,44.88,644811.81,763022.57,3223.15
759,2022-12-03,BTCUSDT,792.61,1634918,1673776,16969.31,78328.01,76214.57,124.62,38.18,2106111.8,647810.06,3809.21
760,2022-12-02,BTCUSDT,797.21,2098388,2207127,16963.68,102816.07,99556.14,86.15,207.59,1464604.06,3539392.45,3980.22
761,2022-12-01,BTCUSDT,779.29,2513977,2583743,17057.63,116799.29,116018.89,73.92,42.49,1269030.56,730770.55,3186.0
762,2022-11-30,BTCUSDT,785.91,3276140,3243190,16914.44,151255.23,151764.57,67.83,56.29,1143676.86,959574.13,3040.77
763,2022-11-29,BTCUSDT,782.2,2646559,2560079,16414.11,124391.11,123715.14,49.54,43.72,814644.77,713841.87,2946.93
764,2022-11-28,BTCUSDT,735.39,2826791,2743616,16200.95,126928.6,125766.81,168.46,186.47,2745946.9,3045101.15,3657.69
765,2022-11-27,BTCUSDT,796.81,1714113,1648108,16535.17,81928.44,80097.04,121.41,65.16,2007173.95,1078801.23,3445.46
766,2022-11-26,BTCUSDT,789.07,1913317,1903813,16563.89,92158.58,89646.23,48.5,48.79,802422.68,809507.36,3206.88
767,2022-11-25,BTCUSDT,683.17,2214122,2182343,16500.27,91901.94,90187.56,91.62,54.1,1510758.72,895331.5,2772.89
768,2022-11-24,BTCUSDT,682.0,2515577,2516274,16619.26,103362.6,103203.32,100.0,40.05,1669000.0,664087.69,2684.64
769,2022-11-23,BTCUSDT,697.7,3173930,3086686,16502.89,132123.33,132804.38,80.87,90.98,1338345.62,1505750.94,3168.32
770,2022-11-22,BTCUSDT,609.23,3215550,3060547,15962.83,120163.6,119384.47,69.26,101.94,1121051.6,1610616.29,2714.71
771,2022-11-21,BTCUSDT,697.34,3716851,3724020,16008.55,164101.53,159995.46,46.99,46.99,754862.3,753416.54,2742.38
772,2022-11-20,BTCUSDT,561.99,2277500,2279844,16527.01,78883.02,75959.11,60.02,118.79,990918.48,1968384.55,2818.28
773,2022-11-19,BTCUSDT,556.19,1581615,1560508,16654.12,52565.82,52397.34,22.18,42.08,369893.69,697718.05,2351.4
774,2022-11-18,BTCUSDT,701.59,2590820,2523979,16752.85,107857.83,106366.36,92.69,61.19,1548359.89,1029569.54,3067.29
775,2022-11-17,BTCUSDT,707.24,2683751,2668332,16604.61,114691.58,113347.4,43.28,41.19,718924.32,681750.44,2663.55
776,2022-11-16,BTCUSDT,692.75,3154827,3142577,16680.32,131848.69,129644.72,177.53,33.73,2920352.05,568765.04,2870.14
777,2022-11-15,BTCUSDT,660.88,3612063,3588202,16850.43,141446.14,141015.71,71.43,42.22,1213524.85,717662.99,2683.94
778,2022-11-14,BTCUSDT,680.83,4604658,4610470,16515.45,190708.37,189502.41,93.67,35.46,1517441.36,588567.11,2787.18
779,2022-11-13,BTCUSDT,571.13,2749835,2632999,16611.76,93046.34,91914.45,89.35,24.27,1478273.73,396832.32,2333.61
780,2022-11-12,BTCUSDT,560.34,2570702,2476135,16849.06,84552.04,83267.92,20.62,57.79,346891.31,974126.13,2263.45
781,2022-11-11,BTCUSDT,679.32,5050482,4849591,17090.0,196138.17,197414.7,54.02,94.14,921108.69,1607877.86,2941.82
782,2022-11-10,BTCUSDT,811.59,6391984,6327903,17018.92,305549.52,302898.85,84.74,102.17,1495963.55,1806387.78,3587.08
783,2022-11-09,BTCUSDT,936.22,6652695,6952779,17429.4,373224.14,358702.79,119.36,98.29,2133046.07,1719840.5,3894.09
784,2022-11-08,BTCUSDT,1015.68,7153345,7377256,19416.01,385929.79,374775.57,367.02,170.02,6826609.2,3330687.69,4531.58
785,2022-11-07,BTCUSDT,962.95,4198263,4145979,20758.37,195374.28,191603.32,67.54,72.46,1400650.83,1503446.23,3537.75
786,2022-11-06,BTCUSDT,925.84,2626429,2641781,21200.4,116002.91,114034.07,30.94,50.94,657390.64,1083561.09,3205.45
787,2022-11-05,BTCUSDT,940.68,2834248,2736584,21338.93,122591.62,123030.36,59.78,40.72,1276799.13,867791.57,3611.95
788,2022-11-04,BTCUSDT,1017.32,4690558,4559055,20745.14,226290.68,227403.71,49.0,323.24,1022164.82,6545610.0,4567.16
789,2022-11-03,BTCUSDT,929.97,3493018,3455209,20240.24,159245.54,159939.62,48.5,47.31,985916.77,958672.43,2921.35
790,2022-11-02,BTCUSDT,1027.14,3699600,3732098,20397.85,187930.3,185785.97,67.33,102.17,1366176.83,2106705.4,3696.92
791,2022-11-01,BTCUSDT,961.18,2992212,2979726,20509.45,140654.49,139277.95,41.18,34.09,840794.11,699825.41,3145.81
792,2022-10-31,BTCUSDT,947.47,3267460,3304066,20515.26,152345.32,151222.3,47.06,49.8,978919.97,1022482.69,3274.95
793,2022-10-30,BTCUSDT,811.87,2449211,2470796,20721.55,96747.66,96047.95,29.5,41.2,610843.65,850813.66,3242.69
794,2022-10-29,BTCUSDT,847.73,3150534,3105065,20810.83,126940.21,127941.56,320.53,149.14,6650914.5,3076223.61,4769.16
795,2022-10-28,BTCUSDT,881.22,3300208,3337888,20375.4,143961.69,143078.25,58.1,100.0,1199846.98,2020000.0,3714.94
796,2022-10-27,BTCUSDT,873.92,3818031,3930049,20594.75,165504.1,163139.48,79.78,48.62,1637085.6,994637.68,3438.47
797,2022-10-26,BTCUSDT,920.26,4276052,4236297,20595.84,189579.73,190912.96,111.78,91.07,2255801.12,1900560.57,3858.23
798,2022-10-25,BTCUSDT,894.59,3673938,3540749,19793.42,163019.87,163350.81,121.26,173.51,2376667.35,3400844.41,4231.33
799,2022-10-24,BTCUSDT,873.22,2867864,2809035,19345.19,129359.46,126808.68,136.11,125.76,2642710.7,2422068.35,3620.83
800,2022-10-23,BTCUSDT,820.72,2016049,1923654,19359.26,82591.4,84465.8,24.41,24.52,478530.67,470787.95,2996.37
801,2022-10-22,BTCUSDT,733.4,1483994,1403112,19181.75,56269.83,54134.08,27.06,26.26,517698.83,502899.68,3011.68
802,2022-10-21,BTCUSDT,902.69,2813286,2865995,19038.09,135721.74,133589.02,38.67,70.57,738211.45,1341857.75,3175.5
803,2022-10-20,BTCUSDT,793.17,2714458,2676632,19128.3,112867.97,110662.16,90.25,38.81,1719088.24,737461.82,3151.03
804,2022-10-19,BTCUSDT,786.45,2319231,2226589,19207.55,93791.19,92346.11,86.74,43.88,1660878.98,838218.34,2889.31
805,2022-10-18,BTCUSDT,906.5,2861785,2726697,19464.13,130834.82,129478.26,153.77,96.42,3000138.35,1846760.96,3523.81
806,2022-10-17,BTCUSDT,838.99,2675646,2487333,19442.43,110959.87,111854.01,61.75,84.9,1204663.09,1658097.0,3645.15
807,2022-10-16,BTCUSDT,736.21,1760523,1678082,19199.38,65357.81,66536.8,31.41,19.59,607159.5,378640.68,2676.92
808,2022-10-15,BTCUSDT,713.68,1524968,1527251,19131.39,57738.64,56109.0,20.67,55.56,393606.04,1058545.38,2661.56
809,2022-10-14,BTCUSDT,1028.3,3412520,3275790,19561.46,175835.96,175798.37,62.34,104.18,1220674.18,2051389.26,3311.3
810,2022-10-13,BTCUSDT,1011.17,3819477,3651419,18915.22,199887.52,199869.16,180.65,41.0,3504284.24,795734.88,3925.6
811,2022-10-12,BTCUSDT,896.92,2351910,2204687,19116.59,107217.55,106608.72,57.52,81.64,1100454.41,1554382.76,3052.0
812,2022-10-11,BTCUSDT,968.85,2473229,2318877,19068.68,122255.16,121218.68,57.86,50.72,1114419.62,975878.39,3639.79
813,2022-10-10,BTCUSDT,925.34,2262667,2170021,19294.72,107659.69,104849.41,112.66,52.06,2168624.15,1000015.54,3690.75
814,2022-10-09,BTCUSDT,781.66,1463658,1370046,19447.61,56734.57,57166.26,22.66,55.71,441691.22,1088917.03,3083.6
815,2022-10-08,BTCUSDT,756.78,1348910,1288475,19465.22,51704.98,50775.11,33.14,37.99,645700.17,743032.57,3234.71
816,2022-10-07,BTCUSDT,1006.68,2252953,2071819,19701.01,111074.34,109800.5,50.92,83.35,986796.07,1645713.23,4096.9
817,2022-10-06,BTCUSDT,1269.0,2661512,2423492,20154.93,158564.27,161557.9,40.28,106.66,820974.4,2171531.23,4409.71
818,2022-10-05,BTCUSDT,1382.25,2355444,2184560,20098.98,156990.3,155249.45,60.25,50.31,1211715.18,1011454.5,4518.0
819,2022-10-04,BTCUSDT,1341.03,2577352,2294580,19992.54,161365.74,165646.26,84.0,58.73,1694868.0,1171772.39,4686.96
820,2022-10-03,BTCUSDT,1268.39,2320909,2151001,19332.77,146201.82,147383.94,109.54,38.78,2099368.98,749644.92,4678.71
821,2022-10-02,BTCUSDT,1195.92,1692440,1627777,19189.94,103840.31,102972.16,41.79,39.05,797370.17,739360.58,4095.66
822,2022-10-01,BTCUSDT,1295.38,1266683,1203907,19308.33,82890.96,82734.18,39.85,26.1,769887.12,503659.64,4757.45
823,2022-09-30,BTCUSDT,1390.13,3154461,3099742,19564.05,224293.11,220029.85,72.97,93.63,1459329.27,1863237.0,5400.04
824,2022-09-29,BTCUSDT,1397.25,2872480,2759135,19363.75,203237.36,203187.58,55.39,108.8,1067608.82,2121532.33,5073.66
825,2022-09-28,BTCUSDT,1354.34,3730386,3627051,19107.0,260441.07,260944.38,174.54,57.63,3246483.62,1131207.21,5063.92
826,2022-09-27,BTCUSDT,1435.86,4176317,3976156,19743.04,296533.03,296727.71,125.17,152.49,2465801.92,3004106.58,5398.09
827,2022-09-26,BTCUSDT,1431.71,2920690,2916351,19036.94,218615.92,220623.3,82.55,60.21,1545702.74,1159570.64,4844.42
828,2022-09-25,BTCUSDT,975.96,1852470,1861980,18952.83,96202.05,94989.4,139.3,71.61,2646621.34,1364767.39,4298.77
829,2022-09-24,BTCUSDT,1169.23,1952384,1955252,19067.84,118995.26,120501.31,44.53,83.0,847023.75,1600266.41,4062.21
830,2022-09-23,BTCUSDT,1241.11,2932383,2973882,18999.42,191044.83,194842.09,128.47,67.47,2427993.98,1278470.47,4341.48
831,2022-09-22,BTCUSDT,1152.26,3174131,3077731,19003.01,188334.4,190987.32,50.15,128.85,954886.08,2519072.44,4353.29
832,2022-09-21,BTCUSDT,1062.38,3413138,3494639,19061.86,194734.63,190299.47,61.12,75.23,1164478.09,1421898.22,3983.2
833,2022-09-20,BTCUSDT,1051.86,2931919,2968151,19143.88,163382.0,160716.33,77.11,68.75,1499879.75,1307173.59,3848.76
834,2022-09-19,BTCUSDT,1057.86,3299432,3521148,18983.77,191271.11,189241.29,160.11,65.67,2997213.34,1214824.51,4427.75
835,2022-09-18,BTCUSDT,1086.29,2294711,2339385,19790.06,129736.87,124480.6,30.33,51.64,603646.6,1036359.87,3938.63
836,2022-09-17,BTCUSDT,926.48,1947857,1914809,19952.06,89728.66,89621.59,35.46,35.15,712681.48,703377.97,3606.95
837,2022-09-16,BTCUSDT,1090.43,2557965,2562970,19684.03,142705.87,141085.21,99.17,37.62,1958748.96,736556.66,4295.6
838,2022-09-15,BTCUSDT,994.66,3327963,3363011,19962.03,167417.03,165652.73,103.26,45.5,2013522.03,914015.73,4016.21
839,2022-09-14,BTCUSDT,1090.79,3115292,3197760,20196.35,171155.87,169670.53,49.98,52.31,1013183.18,1040999.05,4260.54
840,2022-09-13,BTCUSDT,1144.63,4121136,4005733,21563.39,214770.49,217144.54,138.61,139.61,2993913.14,2940271.05,5158.65
841,2022-09-12,BTCUSDT,1252.77,3504802,3474737,22123.39,195906.08,199489.54,78.49,70.4,1756624.78,1576884.96,5069.0
842,2022-09-11,BTCUSDT,1262.98,2414005,2387839,21603.8,139530.67,141171.88,32.06,24.83,692517.82,538067.91,4552.8
843,2022-09-10,BTCUSDT,1173.43,2836037,2779746,21393.09,153826.29,154171.04,90.37,63.98,1924899.53,1388271.82,4873.18
844,2022-09-09,BTCUSDT,1148.2,3999212,3778002,20861.58,210940.51,217979.24,397.65,143.5,8211436.36,3006429.12,5587.5
845,2022-09-08,BTCUSDT,840.93,2985843,3027983,19240.9,131383.82,131429.46,24.65,46.25,475050.98,893439.87,3097.45
846,2022-09-07,BTCUSDT,971.36,2805793,2791334,18923.32,144693.81,142700.96,67.65,50.65,1265096.33,952807.01,3791.49
847,2022-09-06,BTCUSDT,979.29,3556896,3567488,19569.26,180533.21,175781.84,131.28,106.7,2586247.91,2037886.92,4215.74
848,2022-09-05,BTCUSDT,945.83,2335132,2322101,19794.28,111756.96,110786.05,49.97,47.82,992948.81,949413.09,3778.54
849,2022-09-04,BTCUSDT,751.05,1931828,1907087,19809.48,72799.52,72789.26,31.09,58.51,617627.94,1161372.29,3031.58
850,2022-09-03,BTCUSDT,777.78,1886436,1853473,19832.35,74082.19,72556.84,53.26,47.5,1054502.46,940131.28,3060.94
851,2022-09-02,BTCUSDT,861.72,2873797,2866908,20099.12,123369.7,122616.91,80.98,184.68,1615533.04,3704760.04,4226.39
852,2022-09-01,BTCUSDT,824.04,2951139,2986836,19943.29,124131.49,121158.49,62.61,50.94,1247092.2,999999.9,3435.68
853,2022-08-31,BTCUSDT,875.84,3234017,3155116,20207.66,136472.15,140474.46,151.75,121.8,3041090.04,2459142.0,3884.46
854,2022-08-30,BTCUSDT,782.32,3280838,3312340,20099.93,129715.28,126919.08,58.7,93.21,1166923.03,1896742.1,3637.42
855,2022-08-29,BTCUSDT,721.08,2917859,2922464,20016.79,104699.63,105809.86,107.94,65.75,2185827.12,1303173.72,3445.32
856,2022-08-28,BTCUSDT,594.43,2291044,2387649,19949.03,69944.45,69363.51,101.51,86.37,2033792.05,1731786.47,3185.64
857,2022-08-27,BTCUSDT,621.24,2586828,2676500,20105.0,81659.47,80922.99,99.4,129.64,2008271.13,2644591.94,3180.22
858,2022-08-26,BTCUSDT,762.48,3745362,3841882,21120.46,138030.89,135780.73,162.04,85.06,3516327.24,1837212.19,4143.87
859,2022-08-25,BTCUSDT,653.55,2801866,2816919,21608.14,85360.71,84555.07,55.05,50.0,1195623.66,1071900.0,3413.98
860,2022-08-24,BTCUSDT,673.25,2759562,2801850,21472.94,87883.37,86499.85,40.0,141.31,852600.0,3069302.07,3504.83
861,2022-08-23,BTCUSDT,678.91,3160660,3172782,21397.83,99745.47,101222.3,65.16,30.68,1398419.65,662031.24,3172.26
862,2022-08-22,BTCUSDT,732.76,3199197,3244173,21250.92,111296.32,110925.73,67.03,87.57,1417787.08,1863567.91,3403.72
863,2022-08-21,BTCUSDT,676.35,2514541,2519920,21409.23,78961.44,80239.24,90.77,48.87,1947116.24,1038504.07,3338.2
864,2022-08-20,BTCUSDT,676.39,2839167,2884195,21154.88,91179.09,91862.59,123.28,33.55,2600631.05,702852.81,3227.55
865,2022-08-19,BTCUSDT,697.64,4392281,4468647,21766.45,144394.07,139601.81,78.37,74.67,1708366.81,1636841.8,3318.55
866,2022-08-18,BTCUSDT,559.79,3007508,3022154,23408.03,72321.92,71864.05,24.54,34.88,573934.11,813850.95,2528.28
867,2022-08-17,BTCUSDT,723.55,3428212,3473374,23699.95,105509.81,105158.88,39.32,32.85,937373.54,801216.43,3371.37
868,2022-08-16,BTCUSDT,718.38,2970317,3008250,23948.97,89512.39,89812.55,32.89,30.61,786093.94,729977.67,3140.26
869,2022-08-15,BTCUSDT,787.09,3693610,3794856,24293.37,122255.08,120284.46,58.23,75.42,1409798.41,1810745.6,3730.8
870,2022-08-14,BTCUSDT,677.5,2691844,2782061,24519.28,75909.17,75296.97,22.45,22.99,556697.28,571353.55,3234.29
871,2022-08-13,BTCUSDT,667.77,2765946,2851913,24543.9,76499.75,76352.5,66.39,61.71,1636495.26,1521645.79,3456.43
872,2022-08-12,BTCUSDT,680.75,3029033,3105130,23979.85,86924.25,87283.32,65.66,76.79,1562753.7,1812304.42,3360.61
873,2022-08-11,BTCUSDT,737.34,4108048,4161946,24420.12,124757.89,125001.91,58.41,81.04,1422166.13,1972556.2,3818.31
874,2022-08-10,BTCUSDT,721.43,3388524,3429683,23580.59,103869.64,105046.91,55.11,109.2,1300572.4,2495237.36,4117.0
875,2022-08-09,BTCUSDT,655.57,2515134,2590479,23364.54,72583.73,70598.78,49.01,58.58,1145928.62,1351328.94,3452.38
876,2022-08-08,BTCUSDT,692.13,2938367,2953678,23864.93,85016.14,85942.3,66.28,32.64,1557528.3,763782.08,3421.64
877,2022-08-07,BTCUSDT,562.64,1819083,1827560,23086.68,44145.11,44744.9,35.0,20.29,813264.55,471332.52,2715.62
878,2022-08-06,BTCUSDT,578.74,1667799,1692429,23159.37,42472.83,41438.98,21.66,24.0,503694.04,553561.44,2612.87
879,2022-08-05,BTCUSDT,757.68,2679632,2660937,23087.35,87011.14,88240.55,100.12,64.29,2312701.08,1499765.45,3780.17
880,2022-08-04,BTCUSDT,712.31,2466648,2499490,22845.43,78730.85,76123.82,34.29,50.34,774974.34,1137907.22,3472.38
881,2022-08-03,BTCUSDT,692.65,2418627,2469015,23219.07,73593.25,72355.56,21.57,50.0,506821.45,1140000.0,3365.91
882,2022-08-02,BTCUSDT,716.67,2501972,2564539,22970.04,79951.2,78122.09,101.01,42.76,2343475.38,983549.0,3371.51
883,2022-08-01,BTCUSDT,700.78,2367802,2407411,23214.57,72751.77,71458.4,55.27,51.34,1293223.7,1186466.08,3296.79
884,2022-07-31,BTCUSDT,678.44,2226672,2237049,23729.23,64005.89,63737.44,51.45,43.51,1217533.38,1031195.53,3202.64
885,2022-07-30,BTCUSDT,756.97,2404427,2397101,24064.76,75281.54,75778.59,31.08,78.62,741807.99,1863349.46,3758.01
886,2022-07-29,BTCUSDT,760.89,3115332,3106069,23875.6,98132.9,100165.61,106.22,152.45,2490933.81,3616505.49,4298.33
887,2022-07-28,BTCUSDT,847.9,3281490,3218544,23355.41,117858.36,118170.71,159.08,151.05,3633132.87,3489380.87,5169.88
888,2022-07-27,BTCUSDT,842.79,2740810,2734928,21931.73,104452.07,106519.13,58.81,144.2,1244335.17,3077729.75,4283.28
889,2022-07-26,BTCUSDT,822.54,2254721,2290664,21023.27,90463.78,87353.46,52.61,89.66,1113204.75,1887573.03,3583.09
890,2022-07-25,BTCUSDT,822.51,2378156,2429082,21895.79,92322.82,88021.95,36.91,102.33,816397.66,2261519.08,3892.79
891,2022-07-24,BTCUSDT,711.15,1835308,1835930,22669.15,57102.68,58086.99,32.25,44.64,722455.1,1006779.64,3173.58
892,2022-07-23,BTCUSDT,729.69,1878847,1883380,22467.69,60567.91,61569.86,112.92,170.37,2495619.74,3799212.42,4599.74
893,2022-07-22,BTCUSDT,838.97,2367079,2378503,23206.08,86571.47,85026.97,38.08,45.67,887233.97,1061918.07,3777.53
894,2022-07-21,BTCUSDT,880.25,2425887,2382307,22911.68,91858.89,92958.79,77.12,87.51,1754386.95,2017106.42,4673.21
895,2022-07-20,BTCUSDT,884.94,3160373,3203665,23590.8,118941.62,119820.55,107.52,121.37,2496043.26,2815775.24,5077.08
896,2022-07-19,BTCUSDT,917.71,3240268,3248107,22592.55,130896.33,132874.43,114.77,112.48,2490426.11,2502613.47,4751.19
897,2022-07-18,BTCUSDT,801.81,3354323,3210064,21967.58,117544.41,122398.32,62.95,112.41,1403776.08,2506802.76,3850.05
898,2022-07-17,BTCUSDT,589.35,2168968,2092089,21243.29,58678.5,59550.95,39.76,117.0,850865.96,2493270.0,3505.68
899,2022-07-16,BTCUSDT,682.07,1869842,1853559,20976.36,59786.21,61225.46,74.59,61.21,1588675.09,1260505.44,3320.38
900,2022-07-15,BTCUSDT,676.51,2178664,2232711,20828.72,71988.36,71354.95,31.23,104.03,652610.23,2148146.61,3513.88
901,2022-07-14,BTCUSDT,770.53,2305266,2271089,20186.77,86816.16,87993.06,55.37,44.02,1137751.44,883908.11,3290.48
902,2022-07-13,BTCUSDT,855.34,2359928,2429181,19590.69,105583.11,103667.14,52.73,73.0,999163.01,1419141.19,3495.84
903,2022-07-12,BTCUSDT,759.49,1731944,1894455,19738.87,71825.34,67681.12,94.15,62.69,1874543.42,1228783.0,3243.14
904,2022-07-11,BTCUSDT,870.33,1573646,1659295,20466.76,70665.94,66869.47,37.5,26.07,747363.45,530142.86,3123.39
905,2022-07-10,BTCUSDT,1182.97,1691609,1742792,21141.99,96811.46,95376.75,63.11,43.07,1315762.19,907548.28,3498.71
906,2022-07-09,BTCUSDT,1094.43,1752643,1771743,21624.54,88999.83,89418.02,24.53,39.05,528194.2,841529.75,3388.05
907,2022-07-08,BTCUSDT,2014.89,2050709,2307507,21788.65,201283.47,201798.1,57.95,32.12,1263363.19,697327.81,6690.09
908,2022-07-07,BTCUSDT,1078.31,829442,824280,21066.87,42283.05,42731.54,25.55,20.25,551581.32,422737.36,3786.66
909,2022-07-06,BTCUSDT,1131.27,734702,737519,20214.43,40858.85,41580.73,53.32,19.24,1082491.21,382721.29,3606.37
910,2022-07-05,BTCUSDT,1190.83,805743,806530,19937.59,47682.66,48358.48,42.0,86.09,850500.0,1754534.58,4348.62
911,2022-07-04,BTCUSDT,1146.66,640296,642547,19749.22,36270.32,38543.72,19.63,34.52,388742.13,674914.68,3812.51
912,2022-07-03,BTCUSDT,1112.93,440307,440479,19216.02,25725.5,25361.96,23.9,168.28,459374.95,3197253.69,4938.54
913,2022-07-02,BTCUSDT,1065.88,423540,409968,19253.01,22486.39,23693.91,15.5,15.35,298014.92,293687.04,3158.31
914,2022-07-01,BTCUSDT,1316.87,831591,836772,19602.29,55426.98,56417.62,57.61,23.99,1149223.74,459328.64,3826.0
915,2022-06-30,BTCUSDT,1257.85,693549,744614,19252.11,48398.66,45447.98,48.05,48.5,914296.73,973307.33,4020.02
916,2022-06-29,BTCUSDT,1285.73,599742,610894,20108.13,39494.92,37814.12,64.82,30.44,1312882.51,608803.64,4381.62
917,2022-06-28,BTCUSDT,1241.77,509296,555201,20681.15,33310.3,30490.79,28.15,37.89,593861.61,788154.85,3991.99
918,2022-06-27,BTCUSDT,1351.38,493668,508546,21026.95,32482.54,31992.46,46.69,73.53,994551.31,1551421.39,4551.41
919,2022-06-26,BTCUSDT,1286.85,422707,462599,21399.58,27226.94,26051.16,41.74,43.7,896670.9,931759.02,4916.14
920,2022-06-25,BTCUSDT,1250.8,431270,443270,21344.05,26191.5,25240.18,21.36,59.63,453878.75,1274316.65,4446.83
921,2022-06-24,BTCUSDT,1248.47,660238,649471,21110.03,38848.0,38582.37,49.75,129.93,1052768.82,2710465.77,5488.55
922,2022-06-23,BTCUSDT,1416.3,612257,595601,20555.64,40410.25,42716.84,38.26,40.81,788851.92,861017.57,4780.27
923,2022-06-22,BTCUSDT,1342.1,679554,715427,20307.0,47226.67,44907.3,25.2,85.51,515501.03,1746317.57,4555.61
924,2022-06-21,BTCUSDT,1450.91,751516,763805,21054.23,52177.74,52193.34,98.23,75.35,2082396.29,1619979.85,6206.26
925,2022-06-20,BTCUSDT,1354.36,825562,813886,20410.01,54981.12,54047.82,37.79,87.8,774728.42,1800696.58,5027.03
926,2022-06-19,BTCUSDT,1275.24,994701,955959,19490.45,62449.05,65871.82,61.95,196.53,1195678.23,3899185.36,5609.05
927,2022-06-18,BTCUSDT,1510.37,1231920,1235452,18924.21,99881.61,96560.04,280.19,132.17,5155588.0,2511231.14,9763.84
928,2022-06-17,BTCUSDT,1327.85,679437,673555,20696.0,43627.39,43066.94,32.26,80.83,662966.02,1677559.61,4556.48
929,2022-06-16,BTCUSDT,1260.02,823588,866889,21288.79,51624.73,48048.86,20.37,29.49,447395.03,597211.58,4516.7
930,2022-06-15,BTCUSDT,1492.11,1400807,1447024,21207.61,102434.39,98340.1,172.4,95.11,3637730.1,2091509.47,7827.12
931,2022-06-14,BTCUSDT,1601.19,1258008,1325143,22089.42,94436.9,92764.74,109.6,114.9,2433866.84,2481840.0,6622.36
932,2022-06-13,BTCUSDT,1898.6,1626566,1634918,24305.29,133212.48,121398.56,91.2,84.3,2380320.0,1930581.45,7096.09
933,2022-06-12,BTCUSDT,1758.3,687245,764026,27404.7,48935.81,43538.79,54.45,51.12,1450437.71,1435919.23,6705.8
934,2022-06-11,BTCUSDT,1745.13,530805,553358,28603.27,34053.07,31848.33,86.7,371.26,2449275.0,10636703.29,13113.1
935,2022-06-10,BTCUSDT,1792.35,590641,667967,29632.01,40702.04,35502.21,197.29,215.84,5938398.9,6476266.3,12346.99
936,2022-06-09,BTCUSDT,1663.38,412390,429172,30217.16,23208.89,23082.29,243.37,83.18,7302316.85,2495919.05,11283.12
937,2022-06-08,BTCUSDT,1688.28,598591,637736,30526.72,35874.2,32668.41,40.81,88.75,1236497.25,2662440.0,9147.94
938,2022-06-07,BTCUSDT,1919.43,882401,861556,30336.34,55842.99,54831.53,104.18,808.03,3073339.5,23917732.7,23068.47
939,2022-06-06,BTCUSDT,1911.1,576343,548402,31176.91,34611.39,34225.54,72.14,65.4,2257899.99,2033940.0,8757.77
940,2022-06-05,BTCUSDT,1143.09,312864,291816,29895.67,11386.42,11753.51,20.12,19.93,596561.85,589937.18,4583.1
941,2022-06-04,BTCUSDT,1231.11,325926,292111,29770.17,12646.18,12971.72,17.11,32.98,506375.19,972793.77,5362.75
942,2022-06-03,BTCUSDT,1625.75,514635,479134,29779.33,27484.2,26583.25,26.03,35.84,769338.61,1075120.8,5721.76
943,2022-06-02,BTCUSDT,1575.84,557328,528855,30101.98,28406.36,28555.07,20.26,132.46,609780.55,4015540.98,6546.49
944,2022-06-01,BTCUSDT,2257.7,670279,734332,30629.58,55780.82,47614.81,166.36,400.0,5036946.11,12000000.0,19606.93
945,2022-05-31,BTCUSDT,1706.01,576086,585254,31796.31,32386.16,30046.96,70.32,167.33,2227858.62,5321094.0,10374.04
946,2022-05-30,BTCUSDT,2159.16,730158,650252,31023.71,51761.49,45024.46,100.0,679.08,3100000.0,20779881.05,36197.93
947,2022-05-29,BTCUSDT,1266.75,341552,293759,29250.38,13831.92,13735.43,14.99,19.31,434213.03,561405.65,5007.52
948,2022-05-28,BTCUSDT,1453.3,356371,328052,28903.08,16918.14,17561.21,70.5,201.57,2009955.0,5744792.31,12207.24
949,2022-05-27,BTCUSDT,1987.67,668917,652489,28928.0,47408.47,43590.05,105.66,244.29,3042976.61,6998778.43,13075.25
950,2022-05-26,BTCUSDT,1927.91,712130,718982,29004.39,49374.8,45206.85,73.54,136.31,2132563.43,3953127.46,11827.54
951,2022-05-25,BTCUSDT,1797.89,502445,482995,29751.01,30690.42,28846.97,31.36,38.15,934510.12,1129154.16,8252.97
952,2022-05-24,BTCUSDT,1838.78,464407,482014,29274.46,29962.88,29480.08,36.46,147.79,1068146.74,4345094.21,10030.0
953,2022-05-23,BTCUSDT,1441.15,649550,678767,29988.76,33424.83,30476.67,30.8,108.59,898864.43,3154530.2,7137.26
954,2022-05-22,BTCUSDT,1254.56,457551,405329,30037.28,17620.89,18538.1,29.68,25.12,872446.76,748535.72,5166.75
955,2022-05-21,BTCUSDT,957.59,324681,318805,29351.49,10428.2,10558.93,27.18,18.99,800194.14,555257.95,3979.18
956,2022-05-20,BTCUSDT,1062.92,863913,830091,29727.34,29626.85,30890.4,30.72,64.29,898441.8,1881992.56,4518.69
957,2022-05-19,BTCUSDT,1082.54,991876,868904,29753.63,32537.71,35339.66,34.48,30.8,1027585.95,937860.0,4736.6
958,2022-05-18,BTCUSDT,1278.15,666472,712740,29447.34,30247.39,29501.77,55.97,50.85,1677853.78,1500000.07,5160.68
959,2022-05-17,BTCUSDT,1459.19,559991,615391,30266.86,28123.77,28600.36,144.45,43.65,4344048.36,1287688.27,6926.97
960,2022-05-16,BTCUSDT,1399.25,762737,799217,29797.45,36798.14,36284.05,34.48,38.4,1070994.94,1194345.12,5831.88
961,2022-05-15,BTCUSDT,1378.39,533062,483707,30494.46,22112.31,24163.36,38.4,38.1,1201920.0,1196495.43,4995.91
962,2022-05-14,BTCUSDT,1246.43,620153,584473,29438.84,25187.71,25908.17,35.62,44.75,1024113.24,1328039.34,5190.12
963,2022-05-13,BTCUSDT,1441.03,1135711,916189,30168.21,49044.64,48827.73,38.4,100.0,1159945.13,2953300.0,6540.47
964,2022-05-12,BTCUSDT,1466.75,1885990,2065243,28334.44,103041.98,101465.28,84.84,99.39,2405252.56,2703473.01,7179.91
965,2022-05-11,BTCUSDT,1770.11,1633660,1925610,30520.39,107441.62,99622.12,142.26,69.81,4296282.2,1999999.77,7811.98
966,2022-05-10,BTCUSDT,2096.83,1241466,1228859,31381.68,91840.81,73691.2,55.48,101.41,1736668.29,3183915.38,8712.33
967,2022-05-09,BTCUSDT,2404.47,1241546,1322992,32054.67,105337.96,86538.96,183.72,68.0,5823961.41,2168384.0,10379.59
968,2022-05-08,BTCUSDT,1919.68,689192,612259,34494.23,40095.6,32350.04,95.11,66.02,3224059.5,2281145.44,11488.68
969,2022-05-07,BTCUSDT,1637.72,328888,417600,35662.32,18896.52,15385.19,23.08,42.39,830814.48,1525100.77,7074.94
970,2022-05-06,BTCUSDT,2030.85,594345,620173,36048.37,33901.38,34536.42,98.46,40.01,3534609.89,1420353.94,8348.55
971,2022-05-05,BTCUSDT,1681.92,943283,1036409,37475.94,46935.99,41786.44,44.76,35.82,1705359.81,1325660.82,6976.34
972,2022-05-04,BTCUSDT,1968.41,620500,618347,39016.55,29606.45,32968.17,300.0,23.28,11580000.0,924895.37,13082.36
973,2022-05-03,BTCUSDT,1531.46,508663,496468,38109.96,20313.69,20002.76,52.8,100.0,2022240.0,3800000.0,8793.35
974,2022-05-02,BTCUSDT,1953.19,539268,514625,38605.5,25924.63,27276.3,23.11,32.23,889745.01,1260433.81,7337.3
975,2022-05-01,BTCUSDT,1447.63,500680,520477,38120.51,19261.12,19551.12,53.4,19.46,2037210.0,738358.62,6875.19
976,2022-04-30,BTCUSDT,1331.77,472737,544632,38340.84,18797.76,16523.43,52.5,48.42,2010750.0,1844858.01,8985.59
977,2022-04-29,BTCUSDT,1821.87,525143,575997,38985.42,26680.05,24773.61,44.21,19.57,1737462.43,759317.55,7012.89
978,2022-04-28,BTCUSDT,1958.88,564412,570830,39706.4,27567.21,28519.47,50.7,17.92,2015325.0,713827.21,6882.06
979,2022-04-27,BTCUSDT,1800.63,610971,621112,38927.52,28141.03,28942.09,100.0,13.35,3839280.8,523012.95,6890.68
980,2022-04-26,BTCUSDT,1892.86,652869,728749,39076.33,34713.32,31936.94,24.78,45.64,941922.0,1834691.82,6677.09
981,2022-04-25,BTCUSDT,1929.21,638445,641906,39233.89,31078.73,31958.4,20.92,14.09,807686.47,566996.11,6240.84
982,2022-04-24,BTCUSDT,1216.72,415619,452564,39525.56,14063.91,12639.7,20.85,31.13,825297.25,1220172.91,5365.39
983,2022-04-23,BTCUSDT,1111.23,348128,376004,39587.82,10074.22,10217.2,50.0,18.82,1980350.0,744832.15,6417.52
984,2022-04-22,BTCUSDT,1792.26,520606,522865,39967.36,23415.31,23248.71,43.37,25.43,1760749.33,998834.62,6403.8
985,2022-04-21,BTCUSDT,1633.87,732201,783255,41687.99,29902.38,29413.9,21.28,17.88,904251.06,757136.26,6819.15
986,2022-04-20,BTCUSDT,1595.2,515430,548413,41510.79,20870.05,20007.3,17.97,22.25,746776.61,918925.0,6898.55
987,2022-04-19,BTCUSDT,1575.52,454176,480350,41215.68,17982.04,17806.82,21.82,20.8,891347.0,860706.5,6571.31
988,2022-04-18,BTCUSDT,1860.15,567787,589954,39831.76,27146.3,27097.19,12.28,19.18,497298.69,782389.77,6915.61
989,2022-04-17,BTCUSDT,1361.16,274826,315415,40077.54,10409.58,9578.92,17.71,13.84,700976.21,561755.79,5779.46
990,2022-04-16,BTCUSDT,1507.34,201568,221878,40407.71,8163.06,7642.38,20.04,12.37,811739.47,498654.91,6524.12
991,2022-04-15,BTCUSDT,1568.26,297421,319115,40460.83,12270.81,11755.54,25.88,27.0,1038334.55,1085679.25,7061.65
992,2022-04-14,BTCUSDT,1859.68,388875,414881,40529.79,19019.19,17787.82,30.11,53.57,1237370.57,2196264.63,8760.21
993,2022-04-13,BTCUSDT,1769.05,465122,482939,40558.35,20819.73,20522.55,22.34,30.04,920407.59,1219634.15,6902.43
994,2022-04-12,BTCUSDT,2001.89,561375,592292,40033.26,29406.02,28345.0,24.84,42.47,1001681.16,1686880.6,7918.64
995,2022-04-11,BTCUSDT,1877.48,660262,725662,40856.77,33017.39,30543.06,63.0,33.38,2639700.0,1413506.5,8499.56
996,2022-04-10,BTCUSDT,1430.76,319838,359145,42750.96,11818.84,10952.25,48.11,37.31,2025622.98,1583916.05,7088.28
997,2022-04-09,BTCUSDT,1185.94,310155,330075,42467.56,8981.19,8910.47,39.55,19.43,1680985.5,825406.89,5556.19
998,2022-04-08,BTCUSDT,1652.05,542021,566115,43057.48,21844.48,20530.56,25.6,31.06,1090070.57,1329335.04,6595.02
999,2022-04-07,BTCUSDT,1624.18,497924,501892,43388.81,18829.28,18567.26,13.51,19.74,583471.85,858031.65,5690.92
1000,2022-04-06,BTCUSDT,1834.79,711711,760201,44177.19,31382.05,29467.28,24.27,34.54,1094717.26,1520718.4,7080.51
1001,2022-04-05,BTCUSDT,1865.7,506486,539594,46329.75,21585.17,20607.58,26.75,20.28,1230018.8,931349.2,7382.13
1002,2022-04-04,BTCUSDT,1752.08,588178,583820,46052.46,22728.83,21913.04,17.49,22.93,808860.24,1061646.86,7358.73
1003,2022-04-03,BTCUSDT,1604.65,478582,487981,46493.93,16654.5,16740.18,20.03,21.83,920205.54,1015137.78,6956.72
1004,2022-04-02,BTCUSDT,1629.28,529813,526903,46386.31,18510.61,18562.93,19.76,43.29,916578.26,2014915.36,7122.76
1005,2022-04-01,BTCUSDT,1863.07,676960,695256,45474.64,28229.69,28041.38,21.15,21.82,953824.41,982660.42,7153.77
1006,2022-03-31,BTCUSDT,1753.13,640168,650373,46510.98,25765.65,22879.47,21.26,36.63,1001228.25,1699971.98,7572.11
1007,2022-03-30,BTCUSDT,1786.37,542539,539068,47218.56,20050.77,20896.43,26.89,70.7,1261132.56,3344026.28,7813.71
1008,2022-03-29,BTCUSDT,1595.91,563894,531784,47472.07,18579.91,18192.37,22.77,14.95,1076840.79,716395.36,6240.69
1009,2022-03-28,BTCUSDT,1861.2,752770,746205,47358.17,29851.5,29097.76,65.46,39.06,3130455.96,1860801.92,8065.5
1010,2022-03-27,BTCUSDT,1680.05,596624,538472,45748.46,20200.06,21674.85,80.8,43.5,3716688.68,2040150.0,9840.19
1011,2022-03-26,BTCUSDT,1474.53,347867,345780,44374.04,11619.03,11422.59,24.0,23.9,1063680.0,1064589.74,6814.75
1012,2022-03-25,BTCUSDT,2120.86,580689,560899,44281.45,26795.09,27819.35,22.64,23.99,997968.14,1068023.04,8176.61
1013,2022-03-24,BTCUSDT,2025.93,597777,604764,43464.01,28232.02,27963.1,24.0,43.79,1029600.0,1876248.1,7833.76
1014,2022-03-23,BTCUSDT,1882.67,463468,453203,42275.15,20617.53,20211.34,23.87,21.82,1002560.58,925014.94,7301.66
1015,2022-03-22,BTCUSDT,1847.36,688151,679192,42587.51,29239.4,30215.55,49.41,23.89,2116244.38,1015537.5,7374.7
1016,2022-03-21,BTCUSDT,1709.02,438018,509188,41088.87,20346.82,19079.43,31.85,33.15,1307272.96,1365648.57,6217.65
1017,2022-03-20,BTCUSDT,1592.96,382022,417673,41518.66,16016.61,14636.73,18.92,16.27,781215.52,681774.87,5997.46
1018,2022-03-19,BTCUSDT,1518.61,391569,409628,41916.99,14604.12,14463.06,33.2,27.91,1386863.6,1171992.74,5487.62
1019,2022-03-18,BTCUSDT,1748.58,519603,545451,41143.18,23033.08,22374.93,33.2,149.07,1351514.04,5999999.88,9581.1
1020,2022-03-17,BTCUSDT,1625.46,471950,463834,40875.28,18608.4,18580.98,26.79,95.78,1090288.69,3888825.93,7152.64
1021,2022-03-16,BTCUSDT,1731.41,1041061,1010776,40376.73,44001.11,44119.66,33.2,33.2,1375612.12,1377800.0,6806.91
1022,2022-03-15,BTCUSDT,1694.05,518146,542371,39081.24,23357.64,22657.91,53.09,33.2,2081030.78,1296460.0,6871.51
1023,2022-03-14,BTCUSDT,1634.16,553065,561834,38896.59,22798.69,24146.76,26.34,21.2,1000905.56,819380.0,6028.92
1024,2022-03-13,BTCUSDT,1506.74,403907,437937,38414.54,17641.5,15150.32,23.54,98.42,918205.8,3828531.0,8426.69
1025,2022-03-12,BTCUSDT,1398.86,332802,338931,38994.53,12164.42,11869.95,21.2,15.21,830997.6,593065.59,5158.93
1026,2022-03-11,BTCUSDT,1840.87,617256,635315,39102.63,29870.74,29148.02,29.86,19.3,1194431.2,751480.09,6299.72
1027,2022-03-10,BTCUSDT,1886.95,742413,770242,39534.65,38158.66,33804.27,75.49,77.81,3151684.96,3179618.68,7447.98
1028,2022-03-09,BTCUSDT,1781.42,802172,768058,41681.82,32794.24,34598.35,26.95,45.71,1118450.31,1927194.73,6971.43
1029,2022-03-08,BTCUSDT,1691.14,633770,637358,38702.82,27618.99,27964.07,31.83,21.2,1241340.75,823620.0,6051.59
1030,2022-03-07,BTCUSDT,1682.21,711765,744276,38170.98,32352.62,31641.5,29.04,63.05,1093913.82,2377081.89,6019.21
1031,2022-03-06,BTCUSDT,1563.6,472320,514032,38670.35,20622.1,19055.16,10.71,15.86,421692.4,611545.25,4938.79
1032,2022-03-05,BTCUSDT,1350.07,419220,460507,39114.19,15516.52,14846.61,46.83,14.47,1821562.23,559123.2,5670.79
1033,2022-03-04,BTCUSDT,1724.84,698136,766930,40611.86,32642.06,29322.62,39.27,48.22,1602315.55,1961420.78,6743.69
1034,2022-03-03,BTCUSDT,1700.24,667483,621837,42930.04,26502.21,24438.4,18.27,99.12,789831.92,4218530.55,8638.44
1035,2022-03-02,BTCUSDT,1543.01,860201,792930,44126.95,29158.54,28624.11,17.86,22.76,798347.83,1002279.84,5681.0
1036,2022-03-01,BTCUSDT,1447.13,932199,934672,43792.93,30805.56,30937.54,20.94,48.91,908469.17,2124988.84,5977.01
1037,2022-02-28,BTCUSDT,1540.67,989322,941765,40610.78,35401.86,38543.78,45.67,23.11,2009718.83,997383.82,6400.66
1038,2022-02-27,BTCUSDT,1406.68,598351,667402,38576.48,24440.2,21789.25,34.58,22.19,1372785.11,832486.44,5303.0
1039,2022-02-26,BTCUSDT,1247.08,469198,455059,39232.93,14702.32,14658.94,22.15,15.42,865172.97,603903.21,4789.76
1040,2022-02-25,BTCUSDT,1560.38,724266,684292,38926.43,26670.56,29904.02,100.0,33.8,3885000.0,1301120.98,7989.37
1041,2022-02-24,BTCUSDT,1652.87,1288452,1334328,36064.42,60373.16,60103.13,49.8,30.69,1742829.2,1107347.88,6038.47
1042,2022-02-23,BTCUSDT,1615.61,517994,512878,38173.48,22110.78,21449.96,23.39,24.93,867140.63,952445.95,5633.97
1043,2022-02-22,BTCUSDT,1658.21,627023,585504,37509.45,26463.21,27322.74,33.65,24.15,1226491.83,899604.26,5605.75
1044,2022-02-21,BTCUSDT,1761.48,663568,688722,38132.43,31730.55,30617.14,23.66,20.0,911234.02,761780.0,5864.76
1045,2022-02-20,BTCUSDT,1594.13,382871,428364,38698.8,18101.04,15338.25,14.43,23.78,554206.08,925021.77,6092.36
1046,2022-02-19,BTCUSDT,1230.64,288814,297839,39998.95,9667.08,8374.98,12.45,14.55,501746.69,584716.64,4737.05
1047,2022-02-18,BTCUSDT,1721.08,506145,519737,40241.35,23236.85,20609.07,16.64,28.39,664652.15,1137599.09,6281.45
1048,2022-02-17,BTCUSDT,1867.08,507716,559942,42007.16,25777.39,21468.61,16.96,44.68,720238.65,1939108.09,7336.33
1049,2022-02-16,BTCUSDT,1518.64,432043,391702,43988.28,14365.18,14106.7,14.46,10.8,637590.3,475129.44,5583.21
1050,2022-02-15,BTCUSDT,1688.57,488232,502462,43921.0,18914.87,19180.32,66.84,18.39,2941171.2,801853.27,7668.23
1051,2022-02-14,BTCUSDT,1656.17,420762,446860,42215.83,17097.36,16912.77,33.44,40.21,1394455.09,1688491.0,6582.61
1052,2022-02-13,BTCUSDT,1201.05,286111,338787,42261.03,9398.95,8333.13,37.33,12.7,1590336.38,539868.6,5166.72
1053,2022-02-12,BTCUSDT,1352.65,407148,423174,42230.37,13742.25,12814.6,16.67,14.61,716977.7,609974.74,5155.53
1054,2022-02-11,BTCUSDT,1657.21,577551,591803,43134.53,22911.4,22063.77,19.92,20.01,866685.49,874485.07,6392.07
1055,2022-02-10,BTCUSDT,1798.39,745795,795688,44386.7,32034.17,30323.12,38.33,65.42,1732625.84,2969860.07,8127.9
1056,2022-02-09,BTCUSDT,1418.33,516290,550105,43934.96,17312.57,17115.6,32.88,18.17,1425698.93,800426.81,5578.4
1057,2022-02-08,BTCUSDT,1722.25,860934,792416,43926.81,31876.2,33004.09,85.34,61.48,3703761.21,2772545.95,8375.38
1058,2022-02-07,BTCUSDT,1496.34,709928,763346,43270.03,25602.82,25457.8,14.42,27.34,601188.9,1150458.78,5642.37
1059,2022-02-06,BTCUSDT,1185.06,388259,400032,41925.36,10858.78,11546.39,37.15,31.54,1543584.16,1335514.95,5524.42
1060,2022-02-05,BTCUSDT,1341.29,521054,485298,41388.47,15966.26,16566.09,24.08,49.56,998731.8,2054182.83,6109.86
1061,2022-02-04,BTCUSDT,1829.89,701251,679473,39260.82,31650.29,33053.67,23.93,49.37,940482.41,1885855.31,7745.0
1062,2022-02-03,BTCUSDT,1389.35,439313,409648,36756.37,15613.01,16468.1,24.73,12.41,911543.18,455453.25,4724.3
1063,2022-02-02,BTCUSDT,1490.35,460257,447648,37713.56,18543.24,17251.44,35.89,30.5,1380347.91,1143599.37,5901.68
1064,2022-02-01,BTCUSDT,1454.06,471002,446615,38573.97,16843.45,17730.99,26.16,12.6,1009697.26,486068.81,5261.55
1065,2022-01-31,BTCUSDT,1481.55,456000,480014,37794.97,18432.98,18422.27,20.23,47.31,762536.03,1817627.25,5594.95
1066,2022-01-30,BTCUSDT,1163.41,371519,327074,37888.84,10632.28,10798.38,32.17,12.45,1229672.54,472214.75,4913.14
1067,2022-01-29,BTCUSDT,1211.92,424393,392208,37963.72,12837.08,13292.42,28.53,21.62,1092051.21,807150.1,4618.53
1068,2022-01-28,BTCUSDT,1470.36,556438,504663,37018.28,20657.79,21496.48,25.49,25.54,949650.17,952744.57,5445.43
1069,2022-01-27,BTCUSDT,1471.96,657303,651105,36408.49,26269.93,26750.95,42.18,27.59,1531197.52,996765.37,6094.49
1070,2022-01-26,BTCUSDT,1658.28,825711,758757,37660.99,34589.84,35240.32,35.92,62.04,1339651.88,2326478.14,7699.67
1071,2022-01-25,BTCUSDT,1441.4,614669,633577,36521.65,24243.97,24988.43,104.38,29.25,3779205.74,1053086.4,6747.78
1072,2022-01-24,BTCUSDT,1596.54,1011360,987992,34898.37,45435.48,46469.27,34.78,28.82,1177554.43,982834.63,6364.15
1073,2022-01-23,BTCUSDT,1376.4,579113,563294,35564.19,21438.13,22841.39,27.41,22.61,999999.73,797288.55,5039.5
1074,2022-01-22,BTCUSDT,1527.41,1019489,1080489,35363.11,47749.06,42722.28,26.18,36.18,947723.96,1306109.19,5978.19
1075,2022-01-21,BTCUSDT,1627.43,1023721,1068840,38274.58,47245.81,41615.09,27.34,46.85,1055162.65,1674775.6,6636.56
1076,2022-01-20,BTCUSDT,1624.38,526798,571963,42155.96,22128.86,20201.48,29.88,57.24,1225224.39,2338978.81,7349.21
1077,2022-01-19,BTCUSDT,1435.84,465679,458849,41932.03,16081.98,15603.74,34.3,19.96,1420144.61,823661.26,5642.52
1078,2022-01-18,BTCUSDT,1357.32,461068,443993,41923.71,14796.26,14527.82,9.86,19.45,406733.46,809114.18,4589.38
1079,2022-01-17,BTCUSDT,1273.8,472965,445064,42369.61,14113.54,13448.54,9.17,10.71,381921.6,448697.88,4150.73
1080,2022-01-16,BTCUSDT,1211.74,366330,365841,43022.7,10550.16,10052.19,15.82,9.21,678846.17,395741.67,4794.35
1081,2022-01-15,BTCUSDT,1257.48,376294,376394,43069.0,10802.87,11133.19,18.34,9.9,786042.54,431795.65,4558.17
1082,2022-01-14,BTCUSDT,1470.0,483423,463515,42587.08,17206.69,15434.19,20.28,17.24,849130.25,723916.2,5400.22
1083,2022-01-13,BTCUSDT,1462.94,513811,522423,43272.58,17735.47,17175.41,26.03,13.43,1158228.06,572297.35,5830.91
1084,2022-01-12,BTCUSDT,1436.57,510639,513263,43440.57,16358.97,17584.32,22.4,21.77,975834.34,952395.5,5655.24
1085,2022-01-11,BTCUSDT,1550.73,496659,518867,42252.24,18774.48,18521.95,38.16,25.2,1631284.43,1072475.77,5929.88
1086,2022-01-10,BTCUSDT,1669.18,611320,639663,41203.44,26074.62,24654.55,32.62,60.28,1337577.44,2475061.08,6865.01
1087,2022-01-09,BTCUSDT,1265.83,372858,379875,41833.86,11324.6,11399.79,13.01,20.28,549044.37,847464.91,4545.99
1088,2022-01-08,BTCUSDT,1337.92,499742,522166,41468.83,16490.19,16462.54,26.49,20.2,1086447.99,829855.85,5148.7
1089,2022-01-07,BTCUSDT,1630.74,680061,726574,41911.06,28317.12,26519.39,55.05,22.26,2325717.58,933542.44,6287.77
1090,2022-01-06,BTCUSDT,1455.16,588771,561936,43051.7,19611.55,19268.83,16.07,29.94,690133.48,1305503.46,5646.05
1091,2022-01-05,BTCUSDT,1578.79,701761,776771,44900.71,28231.12,23552.99,25.4,46.24,1099878.89,2000000.24,7012.17
1092,2022-01-04,BTCUSDT,1613.96,505168,516647,46265.58,17802.15,17689.27,50.0,34.22,2307500.0,1574010.52,8305.19
1093,2022-01-03,BTCUSDT,1459.09,434402,451222,46721.63,14137.32,13524.76,35.45,17.59,1641284.53,810926.2,6762.88
1094,2022-01-02,BTCUSDT,1221.23,352778,356846,47261.99,9173.99,9166.47,18.18,15.66,870926.9,734990.44,5118.74
1095,2022-01-01,BTCUSDT,1292.71,349841,365058,47172.97,9662.1,9942.37,23.51,12.44,1115707.18,591061.42,5480.17
1096,2021-12-31,BTCUSDT,1557.6,535631,524152,47193.0,17622.46,17315.54,29.56,23.43,1359859.36,1100048.8,6628.62
1097,2021-12-30,BTCUSDT,1569.79,447282,462875,46985.38,15465.77,14886.52,22.63,11.0,1057408.62,520740.0,5894.7
1098,2021-12-29,BTCUSDT,1681.92,577423,536651,47357.02,20409.25,19089.62,21.92,96.94,1025904.2,4643461.92,8289.1
1099,2021-12-28,BTCUSDT,1666.03,674516,671258,48802.75,24110.17,21743.17,28.49,21.86,1390524.77,1067106.85,7745.15
1100,2021-12-27,BTCUSDT,1458.34,495835,513576,51111.66,14356.12,14436.09,13.81,16.85,706245.45,854486.65,5668.11
1101,2021-12-26,BTCUSDT,1420.34,405811,391322,50222.3,11284.19,11285.7,25.04,95.57,1259899.58,4749840.43,8867.4
1102,2021-12-25,BTCUSDT,1266.65,418511,348468,50699.05,9207.21,9928.3,40.12,12.14,2043797.87,615607.01,5807.69
1103,2021-12-24,BTCUSDT,1504.95,524861,550316,51065.6,16576.48,15108.36,22.06,65.68,1134821.4,3375952.0,8233.11
1104,2021-12-23,BTCUSDT,1477.94,579445,596605,49614.3,17794.87,17397.67,74.4,15.98,3604511.88,767232.0,6941.89
1105,2021-12-22,BTCUSDT,1392.78,485429,464051,48898.74,13601.65,13402.55,11.0,15.72,540100.0,765569.53,5211.88
1106,2021-12-21,BTCUSDT,1632.32,563703,555709,48466.45,18357.66,19356.27,11.72,13.63,564611.0,656770.31,6103.95
1107,2021-12-20,BTCUSDT,1545.18,546144,530344,46371.42,18182.18,17666.33,16.2,15.27,749417.43,714921.76,5311.4
1108,2021-12-19,BTCUSDT,1583.12,433638,441189,47172.68,14658.93,14646.78,15.83,42.31,751999.57,1988773.98,6682.97
1109,2021-12-18,BTCUSDT,1351.64,420540,441526,46649.66,12384.51,12635.55,13.96,13.74,652064.97,644346.91,4777.03
1110,2021-12-17,BTCUSDT,1597.72,589284,672496,46659.0,23257.72,19846.77,15.6,42.13,745772.98,1980084.62,6108.01
1111,2021-12-16,BTCUSDT,1514.87,472136,551847,48498.91,16667.94,15281.92,21.6,13.53,1048416.22,657082.98,5560.67
1112,2021-12-15,BTCUSDT,1729.28,709108,729068,48224.88,25768.01,25861.17,27.68,21.99,1337059.92,1050436.59,7187.95
1113,2021-12-14,BTCUSDT,1579.45,589061,605931,47284.15,19945.18,20010.81,29.97,21.75,1456687.92,1030035.31,6620.63
1114,2021-12-13,BTCUSDT,1731.84,691780,707819,47626.44,27382.5,23487.02,19.94,32.02,938037.73,1488450.25,7174.11
1115,2021-12-12,BTCUSDT,1496.42,424578,439027,49707.2,12751.92,13266.01,15.68,16.01,784000.0,792727.65,5730.99
1116,2021-12-11,BTCUSDT,1459.72,478892,478498,48507.8,14436.93,14452.27,16.98,15.56,832167.98,765053.58,5094.55
1117,2021-12-10,BTCUSDT,1756.89,588182,627049,48115.46,23089.61,21143.96,15.6,17.44,751439.36,832107.42,5697.14
1118,2021-12-09,BTCUSDT,1628.76,551706,578893,48767.92,19595.63,18097.06,15.53,30.22,748871.0,1465477.94,6341.87
1119,2021-12-08,BTCUSDT,1721.89,550030,568195,50200.37,20299.08,18126.84,18.58,18.3,923960.22,922308.41,6541.11
1120,2021-12-07,BTCUSDT,1608.92,594156,618194,51061.16,19574.36,18679.11,14.96,15.67,755644.12,796691.8,5990.0
1121,2021-12-06,BTCUSDT,1636.97,867109,874847,48779.87,29750.87,28820.35,27.11,24.73,1355523.5,1188260.64,6834.04
1122,2021-12-05,BTCUSDT,1626.64,687006,684833,48948.23,23159.92,22420.9,25.4,13.7,1254823.23,680488.38,6584.93
1123,2021-12-04,BTCUSDT,1634.28,1636017,1726754,47869.96,61326.82,52876.55,39.02,59.73,1696596.86,2854973.54,7331.74
1124,2021-12-03,BTCUSDT,1740.53,926572,938491,54983.16,31640.43,27287.26,14.84,71.78,777133.6,3808338.3,7072.07
1125,2021-12-02,BTCUSDT,1626.37,655977,651913,56769.29,19198.58,18375.48,30.83,23.79,1746962.08,1332263.52,6559.97
1126,2021-12-01,BTCUSDT,1792.23,713043,729258,57596.21,23455.34,21501.29,55.8,25.2,3236169.74,1436279.28,8882.55
1127,2021-11-30,BTCUSDT,1778.7,809836,777636,57315.27,25293.25,23867.8,20.78,33.43,1184615.61,1915369.39,7583.48
1128,2021-11-29,BTCUSDT,1714.08,678206,671419,57597.57,20605.03,19520.25,23.14,23.2,1320711.16,1339396.32,7597.38
1129,2021-11-28,BTCUSDT,1581.45,624397,629011,54967.53,17643.01,18520.7,23.2,23.08,1296191.97,1253164.72,6522.39
1130,2021-11-27,BTCUSDT,1462.13,542620,567525,54681.23,15254.06,14462.94,22.73,22.92,1251835.48,1242006.55,5624.49
1131,2021-11-26,BTCUSDT,1706.75,1077937,1060247,55295.96,34640.4,31287.47,28.77,18.47,1568044.02,1005614.25,6454.67
1132,2021-11-25,BTCUSDT,1530.71,783866,820400,58276.68,21040.71,21112.8,23.2,35.27,1335160.0,2042073.94,6658.82
1133,2021-11-24,BTCUSDT,1567.61,713069,719922,56714.01,19986.95,19625.1,23.2,20.6,1327016.1,1176707.73,5461.18
1134,2021-11-23,BTCUSDT,1806.17,777195,793650,56796.47,24700.2,25217.65,33.0,41.98,1900800.0,2434828.4,7595.76
1135,2021-11-22,BTCUSDT,1827.11,811962,812806,57294.44,26889.34,24834.98,30.61,49.22,1744513.5,2783272.25,7882.54
1136,2021-11-21,BTCUSDT,1510.21,618854,630365,59146.81,16953.1,14949.12,25.62,28.59,1514370.72,1703856.72,6531.78
1137,2021-11-20,BTCUSDT,1652.0,594141,606049,58510.67,17129.31,16682.28,45.57,23.0,2711600.64,1329231.25,7339.09
1138,2021-11-19,BTCUSDT,1855.99,793225,767234,57118.86,26643.6,24072.29,31.93,26.27,1857211.69,1515505.87,6938.82
1139,2021-11-18,BTCUSDT,1859.21,953069,1007350,58577.73,32404.79,29742.21,21.42,35.49,1292602.85,2062189.78,7301.6
1140,2021-11-17,BTCUSDT,1881.19,732799,738506,59916.94,23744.14,22545.24,28.05,20.28,1678597.39,1214716.89,7403.06
1141,2021-11-16,BTCUSDT,1999.31,1135792,1217889,60637.66,41079.83,36375.32,48.12,29.14,2913903.96,1830716.53,9071.56
1142,2021-11-15,BTCUSDT,1885.46,653967,651242,64860.24,18668.9,19160.47,77.39,48.05,5103870.5,3162151.97,11365.91
1143,2021-11-14,BTCUSDT,1743.21,472046,479347,64517.27,13075.24,12629.83,16.87,15.1,1104999.41,978573.96,7425.23
1144,2021-11-13,BTCUSDT,1595.36,450243,453906,64023.81,11410.92,11094.05,22.37,15.73,1437064.61,1011970.19,6705.43
1145,2021-11-12,BTCUSDT,1922.92,737076,742073,63919.68,23461.65,21028.46,16.87,29.46,1087999.54,1849936.02,7481.85
1146,2021-11-11,BTCUSDT,1819.17,683043,644784,64886.23,18648.47,18589.51,16.33,30.57,1058073.84,1971992.04,7366.94
1147,2021-11-10,BTCUSDT,1846.55,1174209,1173725,66639.24,33826.76,31344.74,28.55,37.02,1911506.87,2381107.74,9054.33
1148,2021-11-09,BTCUSDT,1631.43,993218,854437,67430.44,22418.14,22243.24,45.39,31.4,3086273.47,2134964.04,8961.49
1149,2021-11-08,BTCUSDT,1521.85,1260225,1089356,65865.66,25562.91,28879.19,61.56,25.26,3927295.77,1616650.88,8084.47
1150,2021-11-07,BTCUSDT,1483.91,546261,522368,62248.49,11948.59,13567.1,17.71,14.88,1115999.64,921534.59,5877.04
1151,2021-11-06,BTCUSDT,1612.72,488349,476960,60808.74,13079.05,12511.53,18.65,18.8,1126504.7,1149620.0,6675.72
1152,2021-11-05,BTCUSDT,1563.34,633057,610017,61475.17,15835.33,15769.15,8.25,14.97,505634.28,910279.36,5842.61
1153,2021-11-04,BTCUSDT,1647.85,678291,667790,61753.58,18087.55,17843.38,25.18,18.8,1571400.48,1173339.02,6712.69
1154,2021-11-03,BTCUSDT,1693.83,790004,811921,62400.43,22673.74,20662.35,17.86,41.58,1116000.0,2538410.43,7105.57
1155,2021-11-02,BTCUSDT,1565.48,939791,918571,62813.07,22516.14,23852.14,18.8,25.0,1198072.68,1575000.0,7225.15
1156,2021-11-01,BTCUSDT,1858.76,733400,739236,61106.3,22547.71,22139.96,32.52,24.2,2022724.72,1504030.0,8135.18
1157,2021-10-31,BTCUSDT,1532.9,778446,784971,60980.54,19905.56,19362.08,32.91,14.4,1991030.8,897702.21,6702.46
1158,2021-10-30,BTCUSDT,1617.92,625326,572422,61578.62,15894.61,15583.51,24.04,23.74,1478604.44,1476193.7,6123.1
1159,2021-10-29,BTCUSDT,1909.27,715027,702317,61495.48,21711.04,22262.87,17.86,12.39,1116000.0,773408.69,6623.84
1160,2021-10-28,BTCUSDT,1957.98,944857,933418,60376.66,30608.91,30447.44,20.46,28.92,1242220.04,1752291.42,8201.69
1161,2021-10-27,BTCUSDT,1927.94,938415,974668,59402.82,32141.06,29983.43,24.2,24.13,1457996.52,1480372.96,7816.71
1162,2021-10-26,BTCUSDT,1867.88,677020,657440,61831.2,21518.22,18699.28,17.55,23.74,1087976.62,1473104.57,6820.7
1163,2021-10-25,BTCUSDT,1817.73,611722,658731,62732.35,18276.58,18577.25,25.93,26.51,1651618.7,1669225.45,7493.68
1164,2021-10-24,BTCUSDT,1796.14,538547,513538,60482.74,15544.41,15682.17,22.61,19.5,1362798.66,1190301.62,7252.72
1165,2021-10-23,BTCUSDT,1716.85,461152,520951,60712.32,14274.37,13352.57,15.86,23.06,975425.67,1413347.35,6659.72
1166,2021-10-22,BTCUSDT,2076.4,766112,789168,61892.24,26678.67,25440.69,76.91,41.92,4787460.75,2661580.05,10103.18
1167,2021-10-21,BTCUSDT,2020.36,1088060,1093605,64232.81,36530.13,32008.51,23.68,23.8,1539418.4,1549380.0,8049.71
1168,2021-10-20,BTCUSDT,1844.41,1005368,817918,65501.99,23804.94,27623.99,25.0,45.07,1625000.0,2999933.05,8718.1
1169,2021-10-19,BTCUSDT,1919.95,917418,838290,62945.85,26191.56,27436.55,52.76,26.29,3371661.12,1667689.87,9833.93
1170,2021-10-18,BTCUSDT,1961.16,852931,776253,61687.74,25939.36,25859.09,32.17,26.26,2007271.97,1639267.56,8385.31
1171,2021-10-17,BTCUSDT,1781.01,691116,640539,60840.15,19809.3,19289.94,50.0,68.34,2999950.0,4175432.69,9054.57
1172,2021-10-16,BTCUSDT,1597.62,728698,631681,61170.69,18181.42,17286.46,21.55,23.64,1308347.22,1455399.42,6822.34
1173,2021-10-15,BTCUSDT,1872.08,1420081,1229056,60213.69,38599.23,43913.68,556.89,30.73,33802928.12,1878938.93,22788.99
1174,2021-10-14,BTCUSDT,1808.91,737242,634806,57650.54,21113.07,21940.26,21.76,26.03,1252392.74,1502401.94,7028.28
1175,2021-10-13,BTCUSDT,1939.35,809953,800536,55923.15,27823.31,27985.13,24.65,24.81,1415012.75,1374433.2,7881.82
1176,2021-10-12,BTCUSDT,1941.06,793791,760621,56495.15,27313.84,26157.44,24.57,33.06,1396367.49,1867818.81,8493.74
1177,2021-10-11,BTCUSDT,1771.57,887500,802909,56684.32,26074.34,26858.83,26.2,26.2,1478466.0,1502832.0,7652.13
1178,2021-10-10,BTCUSDT,2028.68,1277625,1149551,55265.16,44580.92,44656.92,30.0,24.22,1680000.0,1342981.63,5948.98
1179,2021-10-09,BTCUSDT,1879.4,823061,786422,54877.66,27490.33,27686.75,29.17,16.86,1582492.57,905266.01,5019.12
1180,2021-10-08,BTCUSDT,1628.38,773884,774948,54694.12,23517.06,22643.19,27.08,46.67,1499657.21,2606911.73,7953.9
1181,2021-10-07,BTCUSDT,1751.55,909918,793229,54244.14,28431.48,26485.9,47.88,43.24,2599960.02,2343678.46,8030.81
1182,2021-10-06,BTCUSDT,1734.22,1320524,1122602,53349.39,39213.52,40664.03,24.78,26.2,1272553.62,1370260.0,7430.1
1183,2021-10-05,BTCUSDT,1594.8,857533,784118,50291.54,25438.26,26687.41,26.2,26.2,1292170.38,1341440.0,6933.67
1184,2021-10-04,BTCUSDT,1570.9,735301,702391,48257.87,23764.0,23032.49,26.2,26.18,1285110.0,1280419.12,6575.63
1185,2021-10-03,BTCUSDT,1330.68,559258,555036,48207.08,15398.24,15426.82,30.51,19.73,1464702.24,949213.58,5561.35
1186,2021-10-02,BTCUSDT,1464.75,511042,485074,47854.3,15328.48,15180.5,38.38,26.03,1830909.65,1243144.99,6279.29
1187,2021-10-01,BTCUSDT,1736.69,913078,858159,46642.7,32087.99,34156.88,35.0,26.2,1655339.18,1251706.39,7568.41
1188,2021-09-30,BTCUSDT,1674.29,586990,610825,43193.98,23032.29,23348.94,21.09,21.74,915431.16,934807.53,6515.62
1189,2021-09-29,BTCUSDT,1581.66,434058,450851,41713.13,17173.11,16338.43,22.84,27.5,951327.65,1148151.37,5361.55
1190,2021-09-28,BTCUSDT,1737.44,513470,531919,41755.95,22662.17,20710.09,26.2,16.31,1100400.0,685010.76,5615.96
1191,2021-09-27,BTCUSDT,1726.35,503198,498289,43275.32,20468.99,19307.85,27.82,21.64,1203158.94,947936.24,5846.01
1192,2021-09-26,BTCUSDT,1546.17,687652,686493,42632.83,25117.25,24762.74,25.72,26.2,1079854.57,1085991.57,6258.53
1193,2021-09-25,BTCUSDT,1503.75,470371,479416,42494.76,17038.84,16555.73,73.0,48.72,3102352.1,2068214.52,8797.65
1194,2021-09-24,BTCUSDT,1976.5,920883,898861,42727.36,42160.65,41952.78,51.09,26.2,2214835.91,1181133.47,7712.87
1195,2021-09-23,BTCUSDT,1795.17,606590,589516,44062.06,24196.57,24503.0,50.0,32.78,2155000.0,1469373.08,7034.16
1196,2021-09-22,BTCUSDT,1903.85,634509,669502,42700.93,29027.55,29321.51,29.56,35.7,1286343.52,1507448.06,7351.06
1197,2021-09-21,BTCUSDT,1950.87,876092,944629,41956.28,45591.34,38942.74,45.54,32.38,1810072.24,1311733.24,7498.36
1198,2021-09-20,BTCUSDT,1876.6,898316,943915,44218.38,41895.16,36108.36,30.87,25.57,1381340.76,1141025.17,7694.44
1199,2021-09-19,BTCUSDT,1562.61,463525,446260,47506.11,15500.44,14346.8,32.0,28.13,1532800.0,1338980.86,7698.02
1200,2021-09-18,BTCUSDT,1527.6,484480,491866,48233.0,15686.57,15219.9,119.78,32.0,5809409.54,1558371.2,12370.13
1201,2021-09-17,BTCUSDT,1583.34,504956,529012,47393.95,17862.47,16599.46,29.84,25.38,1418063.12,1206189.25,6834.82
1202,2021-09-16,BTCUSDT,1656.66,592627,583502,47840.67,20817.3,19907.79,17.33,11.24,832020.85,543814.4,5861.84
1203,2021-09-15,BTCUSDT,1749.07,593390,582660,47703.91,22301.18,20903.54,28.16,32.0,1358592.14,1523520.0,7819.9
1204,2021-09-14,BTCUSDT,1712.25,597549,612709,46301.75,22673.38,22182.47,31.53,29.62,1472268.89,1368511.97,7353.11
1205,2021-09-13,BTCUSDT,1720.37,892967,810545,44816.22,33388.09,32041.06,20.03,54.77,898324.8,2422295.73,7390.26
1206,2021-09-12,BTCUSDT,1241.54,567442,612366,45778.8,16358.83,15735.45,100.0,40.0,4512727.0,1841600.0,7393.54
1207,2021-09-11,BTCUSDT,1301.14,501374,559516,45431.52,15636.07,14804.34,35.96,19.43,1622099.21,877346.67,5663.52
1208,2021-09-10,BTCUSDT,1429.16,815685,754256,45667.88,24689.67,24358.6,29.09,25.71,1328145.37,1174941.97,5748.24
1209,2021-09-09,BTCUSDT,1500.31,789466,778120,46468.99,26468.27,24183.39,40.0,28.85,1872000.0,1358825.58,6990.51
1210,2021-09-08,BTCUSDT,1670.62,898939,897162,46007.8,33272.57,31796.75,39.81,46.72,1833342.14,2088600.35,7570.37
1211,2021-09-07,BTCUSDT,1807.53,1651056,1670655,48712.17,65113.2,57935.6,40.0,101.09,1987346.8,4589531.4,9818.19
1212,2021-09-06,BTCUSDT,1519.23,901662,776353,51737.1,24629.31,24620.35,29.38,27.7,1517650.03,1436698.65,6693.91
1213,2021-09-05,BTCUSDT,1445.49,736757,680903,50693.66,18987.6,21557.24,29.6,29.23,1469640.0,1471784.09,6964.14
1214,2021-09-04,BTCUSDT,1414.17,627211,598619,50005.84,17924.96,16739.7,29.6,25.9,1477040.0,1290773.66,6370.16
1215,2021-09-03,BTCUSDT,1792.88,830345,814818,49949.05,29400.2,29625.44,62.9,29.6,3146862.73,1478816.0,8362.83
1216,2021-09-02,BTCUSDT,1744.81,802191,747658,49617.48,26058.96,28351.81,54.89,34.34,2751417.48,1713522.99,8784.14
1217,2021-09-01,BTCUSDT,1863.56,634848,645536,47986.72,24802.29,25102.37,28.27,38.58,1385034.0,1871134.85,7806.12
1218,2021-08-31,BTCUSDT,1771.61,650026,650374,47402.49,24219.32,24426.21,28.8,29.6,1357920.0,1400080.0,6608.0
1219,2021-08-30,BTCUSDT,1604.92,617232,586780,47797.11,20650.51,19637.84,25.51,32.16,1216626.66,1542126.66,6578.65
1220,2021-08-29,BTCUSDT,1331.6,586073,606973,48613.19,16495.24,16157.04,20.0,20.0,976796.11,982594.53,6282.38
1221,2021-08-28,BTCUSDT,1644.32,408148,384864,48837.11,12785.3,13895.76,18.14,16.86,883645.92,826904.03,6547.56
1222,2021-08-27,BTCUSDT,1519.93,689880,630623,47814.64,20341.05,21727.05,17.95,20.0,854304.43,946080.2,5965.69
1223,2021-08-26,BTCUSDT,1522.69,805857,726896,47174.36,25684.71,23686.56,23.73,58.55,1120334.99,2745879.63,7153.76
1224,2021-08-25,BTCUSDT,1378.57,756440,802746,48196.69,22858.95,21796.88,20.0,33.99,974285.4,1615213.02,6635.85
1225,2021-08-24,BTCUSDT,1468.54,864833,828063,48684.53,26311.67,24702.92,19.94,33.79,962678.05,1618000.81,6370.9
1226,2021-08-23,BTCUSDT,1220.88,1066002,1077307,49875.33,26243.57,26218.98,22.5,36.57,1127775.4,1828075.41,6551.9
1227,2021-08-22,BTCUSDT,1122.33,894267,715925,48908.18,18420.01,18587.88,59.38,31.33,2933238.03,1547100.32,6511.98
1228,2021-08-21,BTCUSDT,1106.89,1054100,1015625,49028.35,23625.46,23119.67,21.37,20.0,1044169.39,982000.0,6083.92
1229,2021-08-20,BTCUSDT,1395.16,1077396,873008,47913.28,27124.47,29725.89,46.13,25.0,2237373.53,1209149.52,7312.57
1230,2021-08-19,BTCUSDT,1361.78,898210,876172,45349.32,26218.25,27193.51,35.35,20.0,1555483.6,909786.57,6534.46
1231,2021-08-18,BTCUSDT,1472.59,853516,803207,45156.63,25561.19,28538.22,63.64,20.0,2825771.4,907253.6,7639.66
1232,2021-08-17,BTCUSDT,1468.78,866895,914408,45761.31,29719.08,27320.26,24.24,32.1,1118523.05,1460665.71,5996.71
1233,2021-08-16,BTCUSDT,1487.35,845394,809984,46881.9,26632.7,25847.87,95.39,28.19,4538299.14,1350144.22,8228.11
1234,2021-08-15,BTCUSDT,1234.56,750081,830041,46325.74,20980.79,21129.92,23.66,44.08,1102462.8,2006551.35,6150.44
1235,2021-08-14,BTCUSDT,1171.34,1039943,809613,47048.2,23114.83,22999.53,44.0,38.48,2090013.2,1833788.49,7108.47
1236,2021-08-13,BTCUSDT,1240.88,889139,915577,46518.6,22871.38,25367.99,29.59,21.06,1329512.22,972959.2,7119.53
1237,2021-08-12,BTCUSDT,1526.96,794340,828989,44829.0,28501.02,26765.09,35.96,23.0,1621704.94,1049078.7,6433.25
1238,2021-08-11,BTCUSDT,1305.9,926953,935972,46092.06,25670.51,27064.39,19.99,17.66,927320.75,815025.15,6034.27
1239,2021-08-10,BTCUSDT,1256.83,957810,993520,45520.27,27222.27,26592.37,26.4,18.42,1198560.0,843144.75,6059.53
1240,2021-08-09,BTCUSDT,1578.37,1103004,1027591,45221.55,36123.28,38464.61,146.05,26.4,6615866.31,1214136.0,9001.24
1241,2021-08-08,BTCUSDT,1655.76,938181,918931,44292.47,35229.94,34099.15,25.49,42.92,1146937.36,1927323.52,7377.85
1242,2021-08-07,BTCUSDT,1415.9,1148083,1110130,43598.15,36041.12,37355.62,80.0,27.66,3545189.52,1197737.28,7501.47
1243,2021-08-06,BTCUSDT,1415.89,1160973,1062383,41662.7,37475.94,38278.0,149.07,52.76,6112037.03,2141134.54,8941.3
1244,2021-08-05,BTCUSDT,1732.38,933636,979645,39363.93,42670.63,41673.13,91.5,168.73,3604932.63,6833745.91,9178.21
1245,2021-08-04,BTCUSDT,1662.19,625228,595327,38841.87,25525.14,26804.21,27.84,18.4,1052233.61,722996.01,6973.65
1246,2021-08-03,BTCUSDT,1590.99,666000,713871,38368.95,29433.97,27683.47,26.44,64.15,1030977.13,2502986.67,6807.03
1247,2021-08-02,BTCUSDT,1729.27,579558,583320,39548.84,26279.35,24558.01,37.95,24.66,1509842.0,969585.31,6879.92
1248,2021-08-01,BTCUSDT,1388.79,766768,837196,41161.71,28156.43,25796.75,20.0,31.53,834600.0,1295888.22,6161.8
1249,2021-07-31,BTCUSDT,1193.5,784210,781170,41635.86,22005.55,22844.25,24.9,27.65,1043986.33,1159142.12,5779.73
1250,2021-07-30,BTCUSDT,1635.96,930288,866724,40117.07,35872.36,37730.43,149.33,60.27,6271866.97,2531349.74,9990.17
1251,2021-07-29,BTCUSDT,1507.76,690184,738554,39907.34,27297.51,26700.93,92.84,34.4,3695135.44,1348480.0,7243.0
1252,2021-07-28,BTCUSDT,1535.85,1227059,1403989,39811.51,52325.39,49019.14,100.0,69.07,4050000.0,2749450.42,8320.73
1253,2021-07-27,BTCUSDT,1720.76,1015845,922633,37844.8,43259.96,45137.3,54.08,39.42,1973865.25,1446779.22,8494.96
1254,2021-07-26,BTCUSDT,1751.44,1698190,1631912,38396.04,75261.17,77191.35,99.53,124.9,3752259.7,4821212.41,10188.47
1255,2021-07-25,BTCUSDT,1322.02,658274,587501,34502.39,23220.78,24632.15,38.55,19.2,1329824.96,662400.0,5560.43
1256,2021-07-24,BTCUSDT,1357.7,615318,581596,33955.73,24039.93,23937.62,43.45,42.98,1498535.78,1445824.36,6254.28
1257,2021-07-23,BTCUSDT,1170.03,717514,677272,32632.98,25093.89,25018.98,25.17,21.49,834238.24,694825.43,5304.18
1258,2021-07-22,BTCUSDT,1481.66,486459,514283,32122.53,22873.58,23274.51,18.96,26.0,604924.0,834602.08,5719.2
1259,2021-07-21,BTCUSDT,1839.6,736026,679032,31551.23,40211.59,42584.67,50.0,31.85,1544999.66,1003369.41,7313.1
1260,2021-07-20,BTCUSDT,1714.68,518143,543996,29886.98,32609.22,28424.83,26.16,71.5,789800.77,2160730.0,6749.9
1261,2021-07-19,BTCUSDT,1738.19,414845,431184,30909.14,24630.96,22709.51,33.86,28.0,1059964.5,855831.88,6413.28
1262,2021-07-18,BTCUSDT,1499.34,364323,396656,31715.77,18369.53,17554.18,27.09,30.19,867020.8,962889.36,5739.4
1263,2021-07-17,BTCUSDT,1214.36,452738,430704,31634.66,17363.19,16649.05,12.13,27.6,383028.19,867052.17,4531.68
1264,2021-07-16,BTCUSDT,1440.95,529479,538112,31633.95,24536.12,23963.74,44.68,21.21,1425341.92,677749.1,5747.56
1265,2021-07-15,BTCUSDT,1502.75,533084,566283,32054.55,26773.17,24866.41,49.28,20.96,1601155.78,667634.22,6248.83
1266,2021-07-14,BTCUSDT,1349.53,564593,558536,32418.49,24261.34,22516.49,19.26,34.04,614925.22,1116544.61,5084.13
1267,2021-07-13,BTCUSDT,1410.57,473947,482106,32738.77,21538.08,19588.28,12.0,14.08,391920.0,458439.38,5243.59
1268,2021-07-12,BTCUSDT,1377.11,581649,595198,33647.05,25578.5,22602.91,25.49,50.0,857074.14,1714000.0,6325.61
1269,2021-07-11,BTCUSDT,1122.93,514281,438610,34048.85,15138.11,16434.54,29.39,32.46,993517.03,1100356.26,5161.53
1270,2021-07-10,BTCUSDT,1353.88,432926,432582,33645.31,17748.42,17012.76,40.07,27.01,1358504.4,910218.84,5840.24
1271,2021-07-09,BTCUSDT,1264.17,619823,616528,33305.59,23493.87,23660.07,25.22,32.84,842479.74,1078690.98,5776.75
1272,2021-07-08,BTCUSDT,1832.41,632760,625132,32909.72,35031.83,35104.66,58.91,25.68,1926392.97,824730.93,7958.76
1273,2021-07-07,BTCUSDT,1783.78,536173,505243,34513.2,26512.6,27294.92,26.39,21.0,919562.24,733334.07,7080.67
1274,2021-07-06,BTCUSDT,1681.2,596110,588577,34301.53,30408.64,27801.95,50.0,39.4,1740000.0,1371227.11,6896.1
1275,2021-07-05,BTCUSDT,1968.16,557085,552282,34049.67,32634.02,31489.86,36.41,18.86,1242198.7,632076.88,7378.46
1276,2021-07-04,BTCUSDT,1325.75,601265,563705,35378.62,22523.14,21180.34,84.56,46.59,2997741.55,1663264.37,8024.96
1277,2021-07-03,BTCUSDT,1371.1,525942,552336,34444.21,21712.7,21331.88,36.03,51.58,1248570.06,1782166.01,6036.13
1278,2021-07-02,BTCUSDT,1589.68,588011,588446,33382.66,28900.52,27271.66,30.05,91.9,1002265.38,3051046.4,6649.75
1279,2021-07-01,BTCUSDT,1943.13,618328,622353,33534.96,36722.21,34986.06,34.06,40.02,1130648.31,1340836.73,8186.69
1280,2021-06-30,BTCUSDT,2066.77,625769,675267,34903.86,40116.43,37035.77,93.9,106.28,3286490.9,3634636.57,9340.52
1281,2021-06-29,BTCUSDT,1932.1,855454,818348,35631.45,45412.21,45376.59,38.04,53.17,1373496.34,1898278.21,9411.99
1282,2021-06-28,BTCUSDT,1518.29,887534,981093,34449.47,41669.98,40552.29,76.03,72.91,2619114.65,2548102.1,7868.96
1283,2021-06-27,BTCUSDT,1777.89,912326,887549,33236.21,47840.72,48772.53,49.12,108.62,1684934.7,3573453.14,9184.57
1284,2021-06-26,BTCUSDT,1861.26,907773,906278,31303.08,54842.22,52978.16,66.24,50.77,2086471.36,1543417.12,7863.99
1285,2021-06-25,BTCUSDT,1835.92,1036731,1058201,33065.29,60404.97,55656.16,79.17,43.77,2644210.37,1406485.9,7804.92
1286,2021-06-24,BTCUSDT,1910.47,760109,771121,33963.81,42631.1,43994.71,30.02,22.17,982094.07,754552.09,6803.92
1287,2021-06-23,BTCUSDT,2113.41,998129,1028099,33815.75,63626.07,63340.03,29.59,190.08,979318.71,6420856.05,10083.97
1288,2021-06-22,BTCUSDT,2057.23,1543151,1570826,31416.79,105059.0,99149.18,80.82,104.18,2403671.08,3147974.04,9131.19
1289,2021-06-21,BTCUSDT,2062.45,1344929,1344064,32764.82,87481.4,81297.47,60.94,67.67,2014144.3,2158824.94,9239.31
1290,2021-06-20,BTCUSDT,1846.85,901784,790087,34631.22,45684.1,44194.07,49.31,48.07,1651881.21,1716256.15,7584.92
1291,2021-06-19,BTCUSDT,2024.14,616326,595952,35797.44,34924.16,33788.29,37.26,93.65,1337601.69,3352698.43,8229.27
1292,2021-06-18,BTCUSDT,1938.85,901286,907967,36780.67,50403.61,44824.44,66.35,60.59,2428417.32,2222648.96,9465.53
1293,2021-06-17,BTCUSDT,1892.11,828877,791333,38482.73,41604.49,37936.81,41.55,42.36,1630780.35,1666926.68,8044.52
1294,2021-06-16,BTCUSDT,1616.26,1044333,1090564,39342.63,45634.73,42137.24,74.5,36.59,2897917.74,1438173.09,8575.18
1295,2021-06-15,BTCUSDT,1681.12,947439,984451,40186.12,41250.79,39428.83,34.42,41.67,1387186.13,1666943.4,7909.87
1296,2021-06-14,BTCUSDT,1977.18,1118369,1066720,39806.67,54876.48,53645.91,100.0,50.0,3898000.0,1968763.55,10396.72
1297,2021-06-13,BTCUSDT,1694.2,1021226,872877,37056.19,41245.75,45675.27,86.83,65.34,3273611.94,2349121.83,8419.7
1298,2021-06-12,BTCUSDT,1821.53,834938,884712,35674.03,45146.34,42571.21,51.6,66.49,1837095.03,2407055.14,9005.6
1299,2021-06-11,BTCUSDT,1680.35,907198,820447,36986.5,39059.29,39406.72,80.0,100.0,2896000.0,3670000.0,8300.46
1300,2021-06-10,BTCUSDT,1820.79,1135830,1095600,37053.28,55887.86,53639.42,114.43,47.41,4276390.92,1791922.91,10042.31
1301,2021-06-09,BTCUSDT,1843.08,1342046,1259373,35287.12,67815.42,68789.01,54.28,98.66,1975768.09,3520246.53,8597.19
1302,2021-06-08,BTCUSDT,1942.74,1048705,1025875,32642.99,63151.14,60087.17,50.0,82.11,1688039.5,2549376.72,8379.18
1303,2021-06-07,BTCUSDT,1798.44,757487,774773,35339.33,41143.39,36431.56,36.16,42.13,1245798.5,1544886.67,7502.24
1304,2021-06-06,BTCUSDT,1723.18,517974,475456,35858.16,23988.95,23661.26,21.22,24.58,761973.34,877506.68,6326.5
1305,2021-06-05,BTCUSDT,1749.12,732667,730452,36369.54,36054.96,34367.0,35.44,48.96,1240387.75,1770412.87,7516.59
1306,2021-06-04,BTCUSDT,1754.34,977058,949253,36903.45,48211.83,43105.97,38.94,45.54,1421313.5,1679294.03,7788.65
1307,2021-06-03,BTCUSDT,1503.31,1017055,932603,38736.34,37224.81,38664.3,91.82,55.78,3581021.54,2183097.49,8420.29
1308,2021-06-02,BTCUSDT,1648.34,804025,726890,37410.45,33258.88,34328.5,147.56,42.11,5474496.7,1595906.39,8460.22
1309,2021-06-01,BTCUSDT,1689.33,883099,877318,36597.15,40942.83,40291.83,57.45,31.65,2160058.98,1193350.11,7621.85
1310,2021-05-31,BTCUSDT,1796.1,943909,952450,36238.12,47822.8,46337.93,315.75,33.16,11548513.02,1217122.21,11756.18
1311,2021-05-30,BTCUSDT,1668.06,789507,770385,35484.51,36128.57,37406.81,42.15,54.11,1496215.73,1923802.37,7150.6
1312,2021-05-29,BTCUSDT,1820.5,1109365,1060278,35154.39,58378.89,54284.2,66.31,58.44,2317926.92,2060784.51,8496.14
1313,2021-05-28,BTCUSDT,1852.55,1297663,1361515,36378.36,71050.35,64327.28,70.25,170.45,2486685.0,6272651.78,10013.99
1314,2021-05-27,BTCUSDT,1599.01,1065134,1037048,38895.21,44291.15,42256.01,38.57,55.26,1552922.97,2171985.99,7468.65
1315,2021-05-26,BTCUSDT,1691.27,1239116,1193203,39303.73,54295.7,50485.08,25.05,32.12,973168.76,1252671.69,6854.15
1316,2021-05-25,BTCUSDT,1695.79,1256663,1251497,37969.56,57840.36,54150.49,88.16,32.68,3464824.1,1205863.11,7008.83
1317,2021-05-24,BTCUSDT,1708.2,1790133,1720445,37126.98,80046.07,81584.83,69.49,43.16,2723821.64,1502007.71,7813.41
1318,2021-05-23,BTCUSDT,1820.48,2007385,2074300,34344.28,112493.53,104624.92,65.62,350.36,2114394.74,11036208.08,10519.25
1319,2021-05-22,BTCUSDT,1741.3,1381984,1334707,37282.68,63231.79,63310.45,57.56,36.41,2175838.61,1340764.92,7728.89
1320,2021-05-21,BTCUSDT,1931.54,1920645,2071512,38275.01,108045.99,93991.46,37.77,91.08,1444277.83,3451872.46,9887.89
1321,2021-05-20,BTCUSDT,1878.24,2160594,2109304,39553.65,102850.47,100167.13,279.75,72.58,11609756.89,3030324.68,10199.24
1322,2021-05-19,BTCUSDT,2128.87,3060380,3270111,38085.46,186061.79,168262.89,219.51,176.41,7507233.38,6809478.26,12556.44
1323,2021-05-18,BTCUSDT,2009.5,1309483,1251682,43919.67,61276.86,55703.0,45.0,69.39,1993500.0,2983751.08,9494.33
1324,2021-05-17,BTCUSDT,2283.86,1624976,1591845,44003.17,86047.03,80610.15,100.0,46.05,4550000.0,2074387.52,10709.85
1325,2021-05-16,BTCUSDT,2016.87,1315618,1345677,47000.37,60472.22,53797.59,38.94,26.97,1845488.17,1213996.19,8558.89
1326,2021-05-15,BTCUSDT,1902.57,1136916,1149875,48534.87,47179.53,42257.92,40.21,27.17,1893771.84,1296129.78,7730.49
1327,2021-05-14,BTCUSDT,1916.11,1072268,1023592,50081.71,42898.08,37184.13,20.08,29.95,985798.67,1497584.05,7536.7
1328,2021-05-13,BTCUSDT,2045.69,1835681,1733602,49500.22,75570.5,71719.4,64.43,52.08,3113641.13,2499999.98,8878.49
1329,2021-05-12,BTCUSDT,2045.75,1323594,1353232,54823.67,51542.96,48299.83,40.22,27.93,2332821.36,1432161.21,9183.32
1330,2021-05-11,BTCUSDT,1874.48,948097,963383,55786.97,33448.71,30880.83,20.79,15.54,1143680.11,867273.76,6579.73
1331,2021-05-10,BTCUSDT,1992.6,1278330,1297089,57162.67,46528.37,43057.98,28.05,49.65,1536915.76,2829768.25,8165.49
1332,2021-05-09,BTCUSDT,1863.27,1044295,1125844,57906.86,35505.07,34301.05,26.0,42.05,1518400.0,2392675.5,8737.23
1333,2021-05-08,BTCUSDT,1764.99,1180291,1131087,58521.73,35380.21,34329.7,26.0,29.08,1503240.7,1691288.56,7813.68
1334,2021-05-07,BTCUSDT,1795.06,1200404,1161288,56955.74,37665.15,36877.6,26.0,46.76,1447820.4,2716711.55,7511.75
1335,2021-05-06,BTCUSDT,1622.96,1239849,1220032,56862.65,35932.77,34248.9,39.62,27.2,2231177.96,1517815.8,7835.25
1336,2021-05-05,BTCUSDT,1819.92,1193096,1185023,56104.59,38534.45,38729.48,32.18,49.86,1826174.37,2724196.37,8136.5
1337,2021-05-04,BTCUSDT,1887.73,1228267,1264362,55010.15,44294.94,41029.69,47.46,29.75,2562576.59,1636018.73,7943.44
1338,2021-05-03,BTCUSDT,1587.73,1035465,1066663,57801.76,29113.88,28536.06,32.0,26.0,1871129.6,1527000.02,7516.1
1339,2021-05-02,BTCUSDT,1523.55,699336,672302,56788.76,18639.99,18172.89,33.88,26.0,1904158.9,1476800.0,7364.77
1340,2021-05-01,BTCUSDT,1411.55,863809,879204,57704.2,22025.54,20574.81,20.45,30.51,1182192.71,1771670.1,6830.19
1341,2021-04-30,BTCUSDT,1679.36,1160724,1106924,55655.61,32944.78,35634.13,53.95,27.5,3069519.89,1586634.6,8210.05
1342,2021-04-29,BTCUSDT,1600.76,906409,857267,53829.02,27146.28,25339.74,47.29,13.76,2568847.44,725164.41,6388.71
1343,2021-04-28,BTCUSDT,1650.37,897237,932805,54713.69,28368.43,26762.03,22.17,36.36,1211526.03,1992603.02,7864.82
1344,2021-04-27,BTCUSDT,1880.4,785069,783597,54677.85,28432.96,25631.07,32.19,40.31,1751127.62,2212919.52,8331.2
1345,2021-04-26,BTCUSDT,2095.01,1121345,1053199,52758.56,43126.87,43183.94,41.19,49.98,2220002.15,2663933.57,9291.66
1346,2021-04-25,BTCUSDT,1943.68,696856,778623,49167.85,30488.31,27767.33,35.37,53.48,1775481.4,2666147.97,8887.16
1347,2021-04-24,BTCUSDT,2370.92,570143,594842,49936.79,28579.28,26782.23,54.64,52.19,2712825.65,2651501.22,10208.58
1348,2021-04-23,BTCUSDT,2275.12,1479816,1408421,49776.53,68461.16,63769.62,73.72,30.0,3686121.1,1529802.0,9694.82
1349,2021-04-22,BTCUSDT,2038.53,1398113,1346508,53497.04,54105.86,50550.77,38.84,54.2,2124398.56,3008257.01,8837.21
1350,2021-04-21,BTCUSDT,1735.2,1063701,1071245,55203.19,34795.83,32188.93,54.91,187.98,2965152.04,10220473.31,10383.08
1351,2021-04-20,BTCUSDT,1879.03,1084055,1064765,55573.38,37224.89,35519.59,17.41,37.71,954311.64,2107776.2,7384.45
1352,2021-04-19,BTCUSDT,1840.02,1189750,1200777,56185.57,39866.66,38362.38,33.03,26.0,1863136.56,1449130.02,7475.57
1353,2021-04-18,BTCUSDT,2017.77,1636488,1807601,55637.17,65477.52,59404.62,94.21,50.0,5190964.66,2707745.5,10214.18
1354,2021-04-17,BTCUSDT,1589.24,1130613,1138203,61164.48,30525.98,28386.27,29.68,23.12,1798449.12,1427626.04,7200.67
1355,2021-04-16,BTCUSDT,2139.17,1259155,1380785,61438.75,48194.12,43570.02,49.47,33.38,2997795.46,2029756.93,9679.91
1356,2021-04-15,BTCUSDT,1676.41,1000191,937837,62890.84,26021.53,25628.17,15.8,16.64,1001081.88,1045289.36,6474.37
1357,2021-04-14,BTCUSDT,1980.28,1305921,1339704,63453.42,42545.97,40070.38,36.22,45.63,2300017.33,2924218.39,8829.9
1358,2021-04-13,BTCUSDT,1906.58,1440926,1262809,62375.11,41186.16,41662.53,26.0,31.0,1575600.0,1949900.0,9025.09
1359,2021-04-12,BTCUSDT,1878.45,905092,901206,60135.26,28729.84,27645.2,30.38,50.25,1837719.08,3004972.11,8356.91
1360,2021-04-11,BTCUSDT,1410.02,877089,869013,59760.52,20358.66,20798.06,39.63,28.26,2368549.85,1701476.18,7004.2
1361,2021-04-10,BTCUSDT,1698.97,1291272,1179126,60062.03,33887.79,36018.64,32.54,49.27,1968778.18,3017894.99,8817.03
1362,2021-04-09,BTCUSDT,1471.78,789222,826740,58198.83,20477.65,20354.23,17.99,40.0,1045338.05,2332000.0,6510.78
1363,2021-04-08,BTCUSDT,1524.18,865982,795098,57159.96,22121.46,22161.69,32.02,52.61,1802682.86,3003599.62,7210.7
1364,2021-04-07,BTCUSDT,1837.03,1089681,1116752,56874.9,36490.82,34737.58,60.52,23.92,3423127.49,1351048.0,8943.28
1365,2021-04-06,BTCUSDT,1615.35,983560,976953,58363.47,27501.8,26699.2,47.71,34.23,2766962.5,1990554.51,8756.03
1366,2021-04-05,BTCUSDT,1549.81,1019711,1016166,58175.54,26988.52,27269.49,37.11,32.51,2141526.96,1872743.16,8122.48
1367,2021-04-04,BTCUSDT,1587.7,765470,733643,57661.13,20704.95,20609.13,46.18,33.82,2614032.06,1914007.33,8569.1
1368,2021-04-03,BTCUSDT,1732.1,780099,826706,58616.28,24351.89,23057.97,44.74,45.22,2550133.26,2643462.94,8373.52
1369,2021-04-02,BTCUSDT,1687.01,868715,797641,59281.73,23686.72,23695.7,22.3,23.06,1330247.31,1376516.93,7314.35
1370,2021-04-01,BTCUSDT,1749.36,785898,808533,58725.64,24449.36,22966.26,51.52,28.91,2995916.49,1694305.32,7825.83
1371,2021-03-31,BTCUSDT,1854.54,962936,965288,58616.63,29900.73,31074.81,32.0,25.34,1894400.0,1490758.59,8478.47
1372,2021-03-30,BTCUSDT,1997.8,804909,807835,58501.21,27580.92,27541.53,36.0,26.0,2059376.46,1539440.29,8698.67
1373,2021-03-29,BTCUSDT,1954.75,1006789,976648,57264.16,33484.13,34373.8,42.88,76.69,2458541.61,4417943.95,10760.05
1374,2021-03-28,BTCUSDT,1404.5,750823,800460,55806.61,19787.66,19262.73,21.04,49.2,1169873.74,2774956.08,7016.87
1375,2021-03-27,BTCUSDT,1809.99,753167,775609,55221.32,25365.53,24739.95,23.93,53.51,1340031.09,3017896.83,9140.13
1376,2021-03-26,BTCUSDT,1915.82,852065,921085,53290.26,31991.23,31822.55,41.35,23.91,2195859.15,1236312.96,8936.97
1377,2021-03-25,BTCUSDT,2160.75,1060725,1038700,51880.71,44453.14,42947.4,58.83,59.06,2994984.46,3005538.3,11088.66
1378,2021-03-24,BTCUSDT,1908.07,1161651,1240337,54918.43,44214.33,39323.13,24.0,46.61,1283999.95,2608055.09,8833.81
1379,2021-03-23,BTCUSDT,1875.86,853560,886789,54520.66,30225.96,29563.41,27.74,55.97,1529785.94,3005213.31,8949.53
1380,2021-03-22,BTCUSDT,1830.23,923730,1003615,56194.21,31832.57,30749.06,55.33,34.1,3018413.62,1932340.77,9881.09
1381,2021-03-21,BTCUSDT,1564.22,840048,933498,57122.35,24915.53,23648.94,25.61,18.44,1437739.33,1048291.34,7141.52
1382,2021-03-20,BTCUSDT,1517.6,839637,884494,58784.43,22264.5,22212.45,42.94,26.13,2554852.35,1533279.94,8128.24
1383,2021-03-19,BTCUSDT,1618.76,929799,956031,58324.13,26840.14,25552.51,43.22,16.83,2524311.44,979376.39,6690.84
1384,2021-03-18,BTCUSDT,1911.31,1011681,1029266,58633.94,34293.03,32287.38,23.94,33.99,1419473.59,1994885.95,8079.66
1385,2021-03-17,BTCUSDT,1796.94,1102807,1101489,56384.36,35642.88,34778.75,53.63,51.87,3014063.1,3003393.2,8161.29
1386,2021-03-16,BTCUSDT,1920.51,1121029,1120179,55303.87,40161.19,37825.5,32.0,45.11,1766399.94,2510452.97,8499.62
1387,2021-03-15,BTCUSDT,2188.77,1290432,1393383,57042.95,52945.99,49825.44,52.1,28.22,2990328.6,1642372.98,9836.97
1388,2021-03-14,BTCUSDT,1735.96,877302,952467,60171.42,27275.79,25325.27,45.06,49.37,2744235.81,3010603.1,9429.18
1389,2021-03-13,BTCUSDT,1927.85,1336715,1222287,59426.91,38857.86,44387.23,52.18,47.64,3130797.96,2873103.86,10235.13
1390,2021-03-12,BTCUSDT,1671.55,1208164,1281767,56695.76,37602.46,35802.94,35.9,52.08,2049713.6,3004989.75,8013.65
1391,2021-03-11,BTCUSDT,1837.62,1234243,1275727,56289.37,41311.36,40603.45,54.75,48.9,2994816.58,2679983.64,9480.69
1392,2021-03-10,BTCUSDT,1775.48,1323444,1323840,55450.63,42097.35,42651.89,43.22,32.0,2447141.11,1737919.95,8879.88
1393,2021-03-09,BTCUSDT,1759.69,1093848,1100550,53873.39,36645.2,35011.54,100.0,56.22,5345000.0,3007942.91,9577.45
1394,2021-03-08,BTCUSDT,1700.93,1029580,969821,50800.7,33391.93,33595.43,47.8,48.58,2399353.53,2501974.04,7892.53
1395,2021-03-07,BTCUSDT,1580.61,908315,849786,50368.09,27349.43,27885.6,40.74,58.77,2016676.67,3008974.9,8274.1
1396,2021-03-06,BTCUSDT,1452.05,730040,746434,48280.22,22898.62,21500.62,28.99,36.94,1406864.51,1808231.21,7776.69
1397,2021-03-05,BTCUSDT,1814.38,1025476,1028740,47797.84,39874.19,38318.31,40.31,33.54,1922027.81,1648714.03,8231.65
1398,2021-03-04,BTCUSDT,1780.08,1175102,1116834,49429.68,42379.74,40269.98,50.0,41.41,2580000.0,2028933.64,9012.59
1399,2021-03-03,BTCUSDT,1832.86,1159386,1082745,50832.81,40080.55,40955.37,73.71,50.5,3649118.21,2587901.91,10470.22
1400,2021-03-02,BTCUSDT,1681.67,934540,921043,48642.06,32844.02,31377.04,50.95,48.2,2445726.98,2352954.08,8426.54
1401,2021-03-01,BTCUSDT,1889.66,1066528,1080695,47705.29,42469.12,42616.99,106.75,63.16,5123638.98,3031764.38,10891.47
1402,2021-02-28,BTCUSDT,2017.23,912718,925627,44572.76,42367.2,40688.17,34.47,32.0,1595969.99,1439999.96,8531.87
1403,2021-02-27,BTCUSDT,1767.0,881292,876428,46870.48,34073.81,31987.02,41.85,32.0,1996619.85,1548531.92,7518.77
1404,2021-02-26,BTCUSDT,2144.55,1190487,1181279,46459.31,55796.3,53626.9,60.18,49.73,2708063.26,2312497.41,9476.7
1405,2021-02-25,BTCUSDT,1800.85,1147382,1158297,49694.99,42700.01,40610.66,36.37,30.31,1735480.48,1530791.2,7930.89
1406,2021-02-24,BTCUSDT,2084.29,1099278,1095254,49688.16,46130.49,45750.71,39.87,33.96,1981700.18,1742383.36,9071.4
1407,2021-02-23,BTCUSDT,2147.82,1916568,1908628,48442.54,86910.88,82464.14,39.03,48.86,1834467.06,2351734.13,10251.13
1408,2021-02-22,BTCUSDT,2177.24,1627590,1685493,53697.3,70341.77,63677.66,54.51,105.22,2977561.75,5908178.3,13058.67
1409,2021-02-21,BTCUSDT,1701.07,997691,952842,57094.9,28660.62,29506.09,26.81,24.37,1533439.66,1390487.75,8228.68
1410,2021-02-20,BTCUSDT,1722.34,1328988,1313858,56175.66,42312.14,38636.07,35.39,58.92,1980313.6,3269806.92,9210.47
1411,2021-02-19,BTCUSDT,1817.35,1191139,1148076,53551.5,39103.76,40556.02,81.4,49.86,4354640.04,2722548.36,9872.95
1412,2021-02-18,BTCUSDT,1665.25,914983,976609,51825.56,31864.69,28893.36,39.68,97.5,2037434.49,5050372.28,8938.77
1413,2021-02-17,BTCUSDT,1736.35,1314394,1199980,50963.36,40688.19,45055.45,50.0,33.93,2535000.0,1760995.49,8069.47
1414,2021-02-16,BTCUSDT,1977.4,1142183,1057666,49045.16,43204.66,45608.6,34.9,90.0,1744961.35,4327200.0,10623.7
1415,2021-02-15,BTCUSDT,1635.09,1143501,1169654,47470.28,41221.79,38176.36,50.76,34.0,2375691.32,1593114.51,8658.39
1416,2021-02-14,BTCUSDT,1715.16,1106803,983267,48680.46,34983.32,38752.16,44.67,31.91,2112686.1,1579549.01,9032.18
1417,2021-02-13,BTCUSDT,1460.89,1039153,1019670,47169.69,32771.79,30996.31,41.33,33.48,1954777.79,1568436.03,8199.91
1418,2021-02-12,BTCUSDT,1686.99,1206386,1212455,47447.79,44029.0,41841.04,98.26,58.13,4711678.48,2720427.37,8824.97
1419,2021-02-11,BTCUSDT,1628.05,1330171,1240778,46965.77,43422.74,46138.34,37.91,34.0,1685006.73,1615434.47,7789.28
1420,2021-02-10,BTCUSDT,1532.6,1457167,1434425,45599.99,49182.2,47971.99,33.77,34.0,1566846.2,1581123.37,7935.05
1421,2021-02-09,BTCUSDT,1726.9,1570242,1548792,46599.63,58070.3,57429.56,56.39,48.47,2651750.1,2278123.51,9218.21
1422,2021-02-08,BTCUSDT,1820.37,1670116,1560845,42705.73,66251.65,72345.89,159.59,46.71,7022131.03,2033070.26,10366.68
1423,2021-02-07,BTCUSDT,1647.74,996162,980195,38657.95,43599.29,40764.39,60.41,33.2,2295440.84,1289861.26,7312.82
1424,2021-02-06,BTCUSDT,1711.48,1210498,1081148,39708.22,46741.8,52015.51,99.5,33.97,3930250.0,1345745.75,8601.6
1425,2021-02-05,BTCUSDT,1353.99,936100,917153,37646.24,33924.95,32756.39,22.32,42.65,832512.31,1633677.92,5643.24
1426,2021-02-04,BTCUSDT,1560.98,1121301,1090565,37445.44,46564.52,45516.21,32.31,34.07,1182685.96,1291799.44,6543.42
1427,2021-02-03,BTCUSDT,1568.35,968489,913251,36579.91,40921.26,39863.08,30.48,41.88,1118611.42,1512786.24,6431.48
1428,2021-02-02,BTCUSDT,1517.78,932410,857262,34884.18,38840.1,39216.56,50.0,70.58,1705000.0,2428080.28,7236.22
1429,2021-02-01,BTCUSDT,1542.0,927559,882933,33775.12,40862.44,41855.84,52.3,34.01,1757316.86,1159598.39,6945.89
1430,2021-01-31,BTCUSDT,1341.27,859726,847338,33348.54,36261.83,32480.45,25.48,40.08,868757.31,1310573.29,5996.93
1431,2021-01-30,BTCUSDT,1310.52,1133931,1067109,33820.85,42471.21,42418.47,27.84,40.81,947311.58,1367139.19,5683.99
1432,2021-01-29,BTCUSDT,1861.22,2259201,2144148,35427.04,115289.76,116537.25,146.49,80.94,5010018.33,2816854.51,10218.12
1433,2021-01-28,BTCUSDT,1433.3,1057173,1003487,31981.32,46553.36,46067.78,33.97,32.19,1069693.28,1072245.85,6071.04
1434,2021-01-27,BTCUSDT,1431.82,1040889,1025064,30640.27,49247.58,46664.38,53.77,34.45,1575439.79,1036953.13,6322.95
1435,2021-01-26,BTCUSDT,1347.27,1026458,983934,31895.94,42569.89,42402.31,34.0,60.0,1105339.97,1920000.0,6271.64
1436,2021-01-25,BTCUSDT,1404.55,1092303,1014245,33393.38,44009.7,44489.52,32.64,32.21,1077021.17,1096713.59,6429.97
1437,2021-01-24,BTCUSDT,1220.07,756542,771745,32136.59,30151.92,27826.12,42.5,73.09,1394082.52,2372738.26,6172.57
1438,2021-01-23,BTCUSDT,1228.84,863557,836499,32386.75,31914.51,32680.78,36.67,34.0,1165826.84,1128799.73,5583.95
1439,2021-01-22,BTCUSDT,1655.69,1353294,1354516,31503.21,72821.5,70150.19,94.9,76.23,2790128.03,2321254.69,8606.34
1440,2021-01-21,BTCUSDT,1522.39,1431816,1449689,32450.6,71747.87,63256.21,47.45,45.21,1532706.58,1370688.03,6982.94
1441,2021-01-20,BTCUSDT,1399.27,1132783,1101756,34874.51,46821.79,42546.63,42.75,34.0,1517608.53,1209719.96,6356.41
1442,2021-01-19,BTCUSDT,1513.56,962975,976396,36754.31,40906.63,38704.68,120.0,34.0,4440000.0,1259699.96,8712.19
1443,2021-01-18,BTCUSDT,1496.01,873304,834462,36093.58,35076.61,35621.51,84.28,44.07,3118192.94,1582210.25,8147.24
1444,2021-01-17,BTCUSDT,1528.02,933558,927084,35304.88,40644.09,39513.64,37.58,37.46,1296419.54,1346822.82,7374.19
1445,2021-01-16,BTCUSDT,1538.37,1047107,1019256,36785.17,43928.01,42420.42,65.52,192.83,2352271.07,6932331.86,9108.32
1446,2021-01-15,BTCUSDT,1707.12,1274760,1286041,36864.81,60562.89,57738.03,85.25,42.18,3073091.51,1598526.08,8413.05
1447,2021-01-14,BTCUSDT,1730.09,1159891,1137575,38574.18,51685.92,51264.47,67.84,69.85,2713646.6,2654155.18,7586.05
1448,2021-01-13,BTCUSDT,1719.32,1293871,1220418,34981.85,60496.88,63981.04,60.56,60.0,1980296.79,2239200.0,8216.83
1449,2021-01-12,BTCUSDT,1739.36,1352964,1321181,34694.79,68849.84,65098.31,80.54,64.23,2786822.19,2219773.25,8622.08
1450,2021-01-11,BTCUSDT,1899.8,2249956,2223001,33913.98,127914.55,123241.59,135.57,72.57,4365272.28,2365933.95,9850.01
1451,2021-01-10,BTCUSDT,1751.88,1266884,1361166,38840.5,62758.2,55451.34,83.59,78.44,3256490.14,2910308.65,8964.21
1452,2021-01-09,BTCUSDT,1528.8,1003551,994605,40402.68,38778.66,37007.32,64.7,34.0,2529845.62,1367479.96,7638.26
1453,2021-01-08,BTCUSDT,1903.33,1481183,1444449,39903.24,72489.8,67300.16,51.06,100.0,2085504.82,3700000.0,10248.01
1454,2021-01-07,BTCUSDT,1798.63,1429539,1385147,38150.42,67770.59,65055.11,92.47,34.0,3460306.21,1271984.4,9792.26
1455,2021-01-06,BTCUSDT,1710.0,1306164,1285619,35008.56,64086.29,63052.91,119.89,34.0,4125579.41,1222979.96,8913.22
1456,2021-01-05,BTCUSDT,1481.53,1289322,1237529,32285.97,56358.24,59691.75,220.34,34.0,6654231.0,1115029.97,8762.92
1457,2021-01-04,BTCUSDT,1676.13,1313358,1329050,31346.89,71811.42,69088.47,115.77,53.28,3390421.65,1784940.37,9199.82
1458,2021-01-03,BTCUSDT,1712.29,1176778,1192920,33584.74,61207.23,59750.33,34.0,49.23,1125365.97,1604875.83,8352.5
1459,2021-01-02,BTCUSDT,1813.88,1163856,1082066,31436.71,62547.57,67446.31,100.0,108.67,3000000.0,3497084.74,9240.35
1460,2021-01-01,BTCUSDT,1203.52,684072,630838,29181.89,26727.12,27455.8,26.73,28.2,776245.47,818219.32,5481.86
1461,2020-12-31,BTCUSDT,1399.8,756795,795998,28732.42,39076.88,36431.62,33.94,34.0,965799.66,970567.87,6082.37
1462,2020-12-30,BTCUSDT,1400.74,981885,934210,28143.11,47298.15,48057.91,40.0,34.0,1156000.0,977839.97,6523.73
1463,2020-12-29,BTCUSDT,1153.54,810859,794307,26679.41,35134.67,34276.92,32.97,34.0,874415.62,898083.11,5173.98
1464,2020-12-28,BTCUSDT,1426.73,725783,782421,26972.46,41826.4,37895.35,29.09,34.0,777588.77,917999.97,5871.38
1465,2020-12-27,BTCUSDT,1652.22,1200100,1238393,27096.18,75806.25,72649.34,34.0,50.0,933946.51,1290000.0,7332.23
1466,2020-12-26,BTCUSDT,1438.45,888904,846670,25551.39,47967.48,49839.03,30.71,32.53,762836.85,798277.95,6184.88
1467,2020-12-25,BTCUSDT,1276.08,774408,730018,24199.72,38300.86,41219.09,29.87,34.0,716174.59,809879.98,5419.56
1468,2020-12-24,BTCUSDT,1127.45,748750,672507,23243.93,33224.72,35789.11,32.98,33.09,773688.57,761511.9,4829.32
1469,2020-12-23,BTCUSDT,1274.8,1074735,1119876,23462.27,62387.06,56660.2,34.45,21.28,826800.0,487254.68,5232.78
1470,2020-12-22,BTCUSDT,1343.84,744055,752222,23152.94,44351.8,42681.33,33.83,34.0,770715.28,774485.98,5480.73
1471,2020-12-21,BTCUSDT,1276.98,783171,810778,22936.41,46047.25,41983.05,34.0,30.69,779519.42,699506.03,5759.5
1472,2020-12-20,BTCUSDT,1038.8,865983,877242,23552.34,39566.03,37124.12,30.92,34.0,725782.3,800699.98,4701.41
1473,2020-12-19,BTCUSDT,1202.76,845345,833266,23506.8,43335.95,42709.11,50.0,34.0,1190000.0,797888.57,5659.18
1474,2020-12-18,BTCUSDT,1128.33,802266,811509,22851.05,41286.83,38359.3,89.8,57.94,2082383.36,1331575.36,5178.05
1475,2020-12-17,BTCUSDT,1501.44,1412773,1382311,22716.5,92473.07,92409.41,100.0,30.74,2183916.0,703272.22,6422.17
1476,2020-12-16,BTCUSDT,1401.41,875083,784052,20525.62,53061.07,61245.26,97.79,36.51,2035987.24,744037.12,6553.8
1477,2020-12-15,BTCUSDT,1143.29,522071,524352,19314.15,30640.21,31194.16,95.66,34.0,1852966.14,659229.54,5365.57
1478,2020-12-14,BTCUSDT,1075.64,412988,429394,19176.56,24599.74,22657.46,25.01,36.89,477708.99,710793.22,4615.96
1479,2020-12-13,BTCUSDT,1155.11,465775,472247,19165.09,26967.36,29593.47,43.31,34.0,828757.9,657151.98,5599.69
1480,2020-12-12,BTCUSDT,1026.62,458285,433525,18532.77,23463.65,26056.33,38.21,50.45,710301.65,933323.72,4948.88
1481,2020-12-11,BTCUSDT,1163.96,543892,573918,17951.04,38415.74,34194.99,30.45,30.92,545839.28,553248.11,4758.13
1482,2020-12-10,BTCUSDT,1084.16,435370,455781,18252.47,27286.07,25604.61,34.0,105.0,618119.98,1891470.0,5207.47
1483,2020-12-09,BTCUSDT,1113.36,609436,693040,18241.28,42776.54,36809.01,56.37,92.23,1048492.77,1669317.46,5326.43
1484,2020-12-08,BTCUSDT,1015.29,541764,601417,18758.78,33815.57,27811.38,36.58,73.48,701282.52,1370460.65,5033.77
1485,2020-12-07,BTCUSDT,943.59,399354,441600,19166.83,22490.49,18881.81,33.25,26.34,633662.9,501165.56,4374.36
1486,2020-12-06,BTCUSDT,864.91,414950,405432,19166.7,18033.68,19009.41,31.33,34.0,601486.77,655383.98,4079.85
1487,2020-12-05,BTCUSDT,872.68,477763,454361,19017.27,21562.49,21360.26,33.91,33.37,643611.21,636558.7,4298.83
1488,2020-12-04,BTCUSDT,1055.51,615081,671576,19060.44,38920.21,32363.45,33.99,38.45,644195.76,728561.18,4618.68
1489,2020-12-03,BTCUSDT,1035.68,631922,610307,19318.3,32821.05,33868.34,99.87,34.0,1941422.06,659089.98,5292.01
1490,2020-12-02,BTCUSDT,917.19,786193,780442,18944.0,39489.32,36421.69,29.8,34.0,551340.92,653949.52,4321.2
1491,2020-12-01,BTCUSDT,1208.65,1007171,1016631,19076.59,63893.37,63805.39,112.79,100.0,2185390.76,1850000.0,6053.69
1492,2020-11-30,BTCUSDT,1264.76,920813,823336,19128.04,54430.05,61033.41,100.0,35.28,1878500.0,653466.87,6684.47
1493,2020-11-29,BTCUSDT,873.35,579979,561310,18054.96,27445.03,27883.99,31.59,37.21,567469.09,677156.19,4569.39
1494,2020-11-28,BTCUSDT,932.76,604830,604555,17430.71,33124.99,31785.71,33.93,64.62,585575.63,1146919.21,4505.38
1495,2020-11-27,BTCUSDT,920.1,782820,789479,16973.76,42789.67,42507.36,152.98,51.25,2652751.16,871331.89,5154.7
1496,2020-11-26,BTCUSDT,1128.8,1339338,1431145,17205.36,96526.44,84478.81,100.52,200.0,1708870.12,3538000.0,6001.81
1497,2020-11-25,BTCUSDT,994.1,865110,920298,18988.73,48691.5,44575.08,47.0,41.64,887473.54,778710.93,4902.73
1498,2020-11-24,BTCUSDT,984.15,1110375,1069487,18915.66,55402.31,58179.2,50.0,62.63,960000.0,1204096.46,4959.04
1499,2020-11-23,BTCUSDT,938.43,779863,849516,18417.65,43350.15,39611.36,50.0,30.56,920000.0,571151.45,4741.33
1500,2020-11-22,BTCUSDT,979.81,747973,780551,18280.69,42481.31,39164.43,70.76,55.39,1309207.39,986497.2,5291.69
1501,2020-11-21,BTCUSDT,974.02,703483,747869,18685.85,38789.36,36788.09,36.95,34.0,700000.0,637500.0,4753.49
1502,2020-11-20,BTCUSDT,1123.52,715308,729384,18345.77,44873.51,43549.51,34.0,34.0,632739.98,633079.98,5574.91
1503,2020-11-19,BTCUSDT,1094.82,729870,783434,17792.31,47632.98,45376.58,65.0,34.0,1149850.0,601433.65,5445.33
1504,2020-11-18,BTCUSDT,1273.21,1037227,1054605,17914.71,75607.05,73412.74,100.0,48.76,1770000.0,884924.58,6626.58
1505,2020-11-17,BTCUSDT,1204.11,828283,818369,17260.21,56959.34,58262.06,85.45,37.85,1495338.44,639891.12,5800.51
1506,2020-11-16,BTCUSDT,1110.9,616536,585850,16473.33,39930.46,41370.21,45.76,33.59,747049.6,556908.95,5523.64
1507,2020-11-15,BTCUSDT,815.33,419497,434944,15955.01,22743.57,20853.27,34.0,22.7,539389.24,364583.47,4034.74
1508,2020-11-14,BTCUSDT,1014.32,444798,486626,15925.78,31391.58,27724.77,40.0,25.09,644800.0,406505.61,4390.33
1509,2020-11-13,BTCUSDT,1017.86,587148,621625,16233.99,40390.15,35301.73,34.0,47.5,557599.98,760007.79,4743.09
1510,2020-11-12,BTCUSDT,1106.45,733546,738503,15946.97,51751.38,50444.98,133.65,39.31,2088277.3,614126.76,5233.21
1511,2020-11-11,BTCUSDT,983.37,628876,618291,15646.24,38439.74,40030.0,100.0,66.52,1550000.0,1041022.76,4965.33
1512,2020-11-10,BTCUSDT,862.96,522071,571395,15296.67,32736.15,28945.77,59.78,30.2,920729.15,465160.55,3701.53
1513,2020-11-09,BTCUSDT,1109.61,720607,784834,15319.18,57625.89,51350.45,39.84,99.44,605557.63,1509555.06,5232.95
1514,2020-11-08,BTCUSDT,999.26,474297,524476,15237.58,34371.52,31175.66,51.29,127.0,795290.91,1923037.81,4906.07
1515,2020-11-07,BTCUSDT,986.83,723889,833132,15053.03,55226.34,46204.87,38.66,46.66,557134.26,723250.71,4623.22
1516,2020-11-06,BTCUSDT,1153.9,805740,849228,15534.36,64089.44,58528.76,39.99,38.55,618129.33,601899.76,4896.4
1517,2020-11-05,BTCUSDT,1227.99,888001,848054,14869.35,71545.4,72196.13,158.45,60.0,2271327.61,930000.0,5815.05
1518,2020-11-04,BTCUSDT,1066.71,613857,599102,13902.37,47683.33,45333.66,52.78,60.0,738867.93,852000.0,5005.41
1519,2020-11-03,BTCUSDT,958.99,557422,495147,13654.42,35782.92,38332.71,105.23,31.92,1404839.19,437924.04,4694.43
1520,2020-11-02,BTCUSDT,1004.35,424958,444892,13523.28,35323.19,29243.23,33.98,37.61,450492.54,500565.03,4272.33
1521,2020-11-01,BTCUSDT,823.3,298898,307350,13767.41,18446.1,17839.54,55.24,36.35,756844.32,500554.22,3734.75
1522,2020-10-31,BTCUSDT,906.91,518824,503378,13774.85,31516.01,35823.23,45.45,40.55,620449.72,560806.5,4673.23
1523,2020-10-30,BTCUSDT,892.9,532449,527938,13425.93,36219.19,34438.59,100.0,38.29,1323000.0,506146.51,4079.72
1524,2020-10-29,BTCUSDT,989.52,503917,504516,13281.19,37669.36,37203.25,300.0,150.91,3975000.0,1987460.3,6713.82
1525,2020-10-28,BTCUSDT,1023.47,590106,644405,13343.66,51052.87,43387.69,72.43,27.95,992308.26,376421.99,4429.34
1526,2020-10-27,BTCUSDT,1081.49,491160,512455,13476.13,40977.13,39833.89,93.71,66.16,1227537.77,885207.93,4577.91
1527,2020-10-26,BTCUSDT,970.97,399873,418271,13063.01,31341.68,29609.99,32.05,34.0,417285.1,444209.99,3705.77
1528,2020-10-25,BTCUSDT,823.38,292619,317879,13049.6,20492.81,17988.77,70.33,40.0,914321.95,531800.0,3807.27
1529,2020-10-24,BTCUSDT,872.36,266382,270439,13061.52,17569.46,18382.74,56.98,26.96,740069.87,352796.7,3751.53
1530,2020-10-23,BTCUSDT,930.46,340697,358616,12904.98,25701.07,24685.93,38.51,22.18,499087.94,282843.71,3421.54
1531,2020-10-22,BTCUSDT,874.46,497861,537950,12951.1,36779.33,33259.5,45.95,46.0,593644.34,587880.0,3527.9
1532,2020-10-21,BTCUSDT,988.65,746529,707091,12574.42,55550.79,59033.67,47.92,38.79,577467.08,500609.29,4339.84
1533,2020-10-20,BTCUSDT,813.84,454123,451988,11875.69,30223.04,31911.71,103.84,43.37,1220120.32,517135.54,3956.07
1534,2020-10-19,BTCUSDT,846.03,320280,330680,11693.8,22698.14,24716.4,82.18,56.21,947521.82,642684.69,4163.21
1535,2020-10-18,BTCUSDT,767.12,173642,173304,11451.45,10887.91,12396.13,135.7,13.53,1560538.76,154784.24,4325.56
1536,2020-10-17,BTCUSDT,692.9,169692,196281,11339.21,12050.89,10318.02,16.26,81.75,185152.83,921560.47,3192.13
1537,2020-10-16,BTCUSDT,798.04,332946,360264,11343.69,25976.16,22821.59,44.22,34.49,499074.6,390092.35,3274.4
1538,2020-10-15,BTCUSDT,840.05,321707,340679,11428.45,24741.48,24019.24,44.83,35.27,505758.08,401974.88,3373.61
1539,2020-10-14,BTCUSDT,799.98,281077,308948,11372.78,22345.05,19070.06,19.93,26.26,227353.2,301833.96,3128.33
1540,2020-10-13,BTCUSDT,780.68,296804,321458,11408.62,22859.13,19346.16,22.84,25.99,260247.22,296624.35,3111.19
1541,2020-10-12,BTCUSDT,816.36,372739,368084,11468.17,25959.35,26865.93,45.24,42.71,517995.42,500618.3,3547.9
1542,2020-10-11,BTCUSDT,647.28,245851,263863,11358.75,14573.41,14470.44,23.74,34.78,269394.76,394050.55,2484.8
1543,2020-10-10,BTCUSDT,708.29,355239,343322,11299.45,20840.83,22807.2,40.0,44.0,454800.0,503800.0,3511.04
1544,2020-10-09,BTCUSDT,835.05,326787,308894,11020.26,22581.44,25658.63,179.04,93.22,1981965.41,1032843.61,5326.54
1545,2020-10-08,BTCUSDT,848.35,335475,323816,10837.42,25477.09,26482.6,58.81,34.0,643667.12,370255.86,3611.61
1546,2020-10-07,BTCUSDT,691.84,254966,248474,10620.64,17028.63,15783.36,16.54,22.76,175476.48,241644.31,2550.23
1547,2020-10-06,BTCUSDT,708.01,357492,377034,10664.24,25485.05,23189.69,47.34,36.97,499468.58,393678.59,2890.53
1548,2020-10-05,BTCUSDT,753.42,231222,252118,10719.23,18474.18,15551.58,16.06,48.02,172725.77,516449.08,2838.44
1549,2020-10-04,BTCUSDT,652.23,196105,181448,10627.12,11088.73,12123.28,21.71,52.75,230363.4,559677.5,2719.13
1550,2020-10-03,BTCUSDT,616.69,195374,185955,10547.36,11545.76,10752.46,16.4,41.95,172920.86,443990.51,2544.16
1551,2020-10-02,BTCUSDT,677.91,382993,394200,10514.22,26006.49,24123.9,30.31,21.98,316287.09,232183.95,2543.75
1552,2020-10-01,BTCUSDT,820.49,381300,413555,10698.78,32416.36,28449.98,134.06,157.89,1462541.04,1714636.99,4392.78
1553,2020-09-30,BTCUSDT,714.3,292354,303029,10759.86,20883.97,18712.06,41.86,21.81,448893.34,235288.13,2789.83
1554,2020-09-29,BTCUSDT,764.75,288424,299152,10732.57,21978.82,19896.08,23.07,24.65,246988.53,263343.29,3084.97
1555,2020-09-28,BTCUSDT,792.91,333683,352981,10833.08,24876.18,25219.07,46.69,35.93,505642.22,391210.23,3366.71
1556,2020-09-27,BTCUSDT,634.04,258141,257863,10715.34,15448.44,15101.04,58.38,46.36,624979.15,493129.61,2848.78
1557,2020-09-26,BTCUSDT,605.79,255373,247297,10732.79,14106.31,14314.53,67.66,30.31,727326.94,323964.36,2521.58
1558,2020-09-25,BTCUSDT,698.97,363663,369767,10650.28,24534.79,23566.33,37.56,22.37,397953.92,238355.36,2750.16
1559,2020-09-24,BTCUSDT,765.91,388821,400461,10497.92,29729.82,27946.8,24.43,26.07,253863.69,274260.3,3009.93
1560,2020-09-23,BTCUSDT,696.5,384276,390115,10377.07,26863.86,25012.71,49.02,56.32,504130.58,578674.45,3377.97
1561,2020-09-22,BTCUSDT,623.31,365970,372606,10469.62,22493.77,21497.46,22.83,25.0,238728.92,261250.0,2350.74
1562,2020-09-21,BTCUSDT,730.19,509730,518801,10576.93,37054.5,33628.93,37.07,46.4,383393.24,493301.59,3254.06
1563,2020-09-20,BTCUSDT,660.37,325369,320960,10884.44,19720.23,19437.69,85.36,114.31,926138.15,1242776.15,3350.1
1564,2020-09-19,BTCUSDT,683.17,311215,308912,11052.93,18516.98,19923.06,29.3,30.88,323651.04,342056.11,2763.39
1565,2020-09-18,BTCUSDT,719.5,348632,368739,10928.72,24221.81,23044.92,85.35,66.29,942123.53,718243.44,2969.27
1566,2020-09-17,BTCUSDT,729.69,406982,422155,10879.09,28571.69,27029.93,38.83,41.22,419003.04,450162.55,2977.44
1567,2020-09-16,BTCUSDT,801.5,436802,447351,10915.69,33251.0,31740.51,37.42,28.22,407365.53,305218.26,3215.07
1568,2020-09-15,BTCUSDT,745.6,435492,458360,10796.37,32078.37,29744.09,36.01,33.51,391135.24,365596.95,2935.13
1569,2020-09-14,BTCUSDT,851.88,392471,436486,10557.75,35178.93,31880.36,45.03,105.44,477314.89,1077576.41,3636.18
1570,2020-09-13,BTCUSDT,657.59,336198,356241,10353.46,23052.09,20785.52,24.68,42.06,259123.47,434501.91,2731.82
1571,2020-09-12,BTCUSDT,635.1,285340,292384,10368.73,17818.38,17560.77,25.0,27.55,259500.0,285742.56,2589.37
1572,2020-09-11,BTCUSDT,707.42,312267,325602,10304.46,22598.64,21231.61,25.0,18.12,257500.0,188175.66,2517.57
1573,2020-09-10,BTCUSDT,707.13,404912,446965,10310.58,30563.64,27690.11,26.39,27.35,273156.24,281641.51,2752.86
1574,2020-09-09,BTCUSDT,665.84,365477,390083,10198.32,25531.7,23815.41,50.19,34.44,507401.08,350378.65,2962.01
1575,2020-09-08,BTCUSDT,708.84,515311,532814,10083.96,39081.06,34410.81,62.52,79.32,644908.06,792715.52,3171.91
1576,2020-09-07,BTCUSDT,683.96,458536,468827,10118.26,32043.53,30576.7,32.74,49.57,340508.11,495885.83,2903.83
1577,2020-09-06,BTCUSDT,545.87,503049,550143,10202.0,28335.35,28033.44,35.76,58.73,361790.55,599691.7,2280.59
1578,2020-09-05,BTCUSDT,621.34,717024,759758,10181.93,46523.47,43478.13,47.0,46.27,485320.12,462657.42,2841.06
1579,2020-09-04,BTCUSDT,669.0,676170,758690,10303.15,50025.76,42707.83,83.95,84.57,859991.29,880325.05,3052.03
1580,2020-09-03,BTCUSDT,822.23,735440,876170,10820.12,67683.27,54266.83,46.17,51.09,498877.3,555250.0,3543.2
1581,2020-09-02,BTCUSDT,731.98,650438,723086,11493.74,47249.54,39972.31,37.45,43.55,440562.29,488595.24,2697.16
1582,2020-09-01,BTCUSDT,702.27,640431,681061,11880.4,40672.17,37476.02,44.16,32.0,518821.25,384548.32,2625.15
1583,2020-08-31,BTCUSDT,786.71,403690,418372,11687.86,28773.68,26579.94,100.0,42.55,1177000.0,502137.27,3669.08
1584,2020-08-30,BTCUSDT,662.72,380488,376053,11622.96,20919.76,22258.12,49.93,25.0,581708.17,292140.24,2657.8
1585,2020-08-29,BTCUSDT,619.82,298033,313801,11495.78,17264.49,15709.31,17.69,13.44,204021.02,155663.09,2273.83
1586,2020-08-28,BTCUSDT,730.02,336083,383902,11440.18,24239.71,21714.2,19.2,17.45,219930.39,199570.53,2461.07
1587,2020-08-27,BTCUSDT,747.94,472491,486779,11324.52,32452.86,30793.18,28.3,29.79,320047.58,336311.58,2850.44
1588,2020-08-26,BTCUSDT,713.44,407749,454905,11396.37,28375.69,25622.54,25.0,70.14,286425.0,796144.35,2701.65
1589,2020-08-25,BTCUSDT,799.7,487492,509176,11411.0,36464.47,33126.45,34.77,50.81,405416.34,579893.55,3118.72
1590,2020-08-24,BTCUSDT,825.94,316458,340126,11729.91,23431.97,22780.42,33.17,55.42,386394.7,646142.38,3091.72
1591,2020-08-23,BTCUSDT,702.01,304658,322694,11629.0,19385.38,18514.63,92.44,40.24,1076944.14,469795.66,3337.97
1592,2020-08-22,BTCUSDT,623.12,387416,421912,11581.53,22073.63,21605.07,33.07,24.38,383917.5,279036.07,2291.21
1593,2020-08-21,BTCUSDT,635.01,572275,617393,11705.34,33916.57,30531.73,25.0,25.0,293750.0,294050.0,2389.53
1594,2020-08-20,BTCUSDT,681.15,383656,414371,11800.73,24092.35,21992.91,28.55,25.0,336331.64,295800.0,2556.41
1595,2020-08-19,BTCUSDT,692.03,588768,669292,11755.61,39079.03,34861.14,48.69,40.02,575777.43,468239.27,3097.66
1596,2020-08-18,BTCUSDT,773.84,567667,621723,12082.72,39969.49,35954.35,50.0,30.35,596000.0,364255.74,3083.91
1597,2020-08-17,BTCUSDT,848.5,609711,600517,12160.62,42443.13,42291.09,50.0,42.97,612500.0,529058.69,3663.71
1598,2020-08-16,BTCUSDT,619.73,377082,413158,11810.65,22026.19,19342.05,19.01,22.19,226172.59,261129.41,2333.81
1599,2020-08-15,BTCUSDT,655.03,498744,520212,11850.4,28933.94,27303.97,50.0,24.72,595000.0,294568.8,2513.75
1600,2020-08-14,BTCUSDT,694.12,484209,527537,11749.26,31354.18,28464.67,14.96,24.25,174059.6,284638.33,2477.98
1601,2020-08-13,BTCUSDT,651.14,608754,634628,11542.82,35290.7,34841.79,46.97,30.1,547257.77,347482.66,2542.04
1602,2020-08-12,BTCUSDT,673.22,532866,571230,11481.21,33965.94,30943.67,76.98,41.25,889852.7,466407.72,2743.58
1603,2020-08-11,BTCUSDT,780.98,632846,711133,11519.66,49526.32,41221.96,35.54,33.59,417214.31,394664.01,2998.31
1604,2020-08-10,BTCUSDT,752.64,655969,684866,11829.71,42893.62,42058.72,114.06,29.28,1357332.23,349314.49,3615.5
1605,2020-08-09,BTCUSDT,566.81,399016,454370,11660.1,22461.84,19031.22,38.93,21.15,452141.05,247312.74,2361.89
1606,2020-08-08,BTCUSDT,627.58,384511,394807,11698.3,21409.81,20448.35,74.61,42.47,880341.16,501200.98,2837.77
1607,2020-08-07,BTCUSDT,815.92,454310,485735,11638.15,35762.91,29993.02,33.68,43.51,383283.03,504769.6,3350.93
1608,2020-08-06,BTCUSDT,811.46,443571,476347,11756.01,33484.88,30044.2,24.92,25.0,293320.02,291935.5,2818.17
1609,2020-08-05,BTCUSDT,893.01,477446,487191,11489.06,38839.87,36130.38,100.0,52.91,1136500.0,594710.64,3970.76
1610,2020-08-04,BTCUSDT,761.94,415994,447698,11213.76,30767.5,27861.62,29.34,24.98,332082.59,280278.53,2907.46
1611,2020-08-03,BTCUSDT,697.5,444422,474763,11242.35,29798.81,27133.04,26.59,25.21,296957.48,282847.35,2455.31
1612,2020-08-02,BTCUSDT,757.42,695202,764698,11223.09,51578.29,45974.79,43.88,42.28,486238.82,500753.56,2976.78
1613,2020-08-01,BTCUSDT,841.23,571106,603146,11634.35,44563.75,40523.73,99.98,123.09,1177770.82,1427850.04,3747.45
1614,2020-07-31,BTCUSDT,809.34,470828,500756,11236.3,35995.52,34068.14,77.32,26.0,881978.99,289848.0,3529.37
1615,2020-07-30,BTCUSDT,761.15,415661,464299,11015.97,32522.13,28272.7,47.96,58.21,534749.8,634443.49,2934.99
1616,2020-07-29,BTCUSDT,756.89,544435,582867,11109.21,40619.62,36218.48,67.18,33.64,755084.62,374094.87,2854.44
1617,2020-07-28,BTCUSDT,721.98,719428,756208,10960.65,50692.3,46575.43,26.39,50.0,290894.49,555500.0,2754.33
1618,2020-07-27,BTCUSDT,831.29,967565,933523,10528.44,73538.32,76650.61,356.81,112.72,3603797.53,1273725.08,4449.04
1619,2020-07-26,BTCUSDT,681.68,486884,458727,9904.7,31530.94,33748.33,65.0,67.93,630500.0,656232.15,3219.0
1620,2020-07-25,BTCUSDT,579.71,332968,342254,9620.49,21052.94,19626.61,32.84,38.84,318499.56,372781.69,2467.65
1621,2020-07-24,BTCUSDT,618.6,331802,345923,9544.09,23514.84,20416.3,86.58,16.93,832947.25,161995.53,2662.5
1622,2020-07-23,BTCUSDT,672.15,354616,380755,9544.8,27394.97,24461.27,55.07,55.39,528708.36,525058.78,2913.63
1623,2020-07-22,BTCUSDT,690.43,327869,335160,9383.49,25452.81,23362.19,54.46,32.11,511097.66,301166.24,2884.42
1624,2020-07-21,BTCUSDT,719.53,378699,404260,9335.11,30943.07,29470.51,73.46,32.82,685606.2,306964.06,3068.42
1625,2020-07-20,BTCUSDT,583.92,274733,282363,9178.17,18931.07,16527.69,48.49,20.0,444165.66,184166.0,2318.26
1626,2020-07-19,BTCUSDT,541.54,221104,219345,9168.84,13178.65,12873.37,30.0,47.25,273658.5,434817.59,2440.14
1627,2020-07-18,BTCUSDT,480.11,219646,210731,9168.38,11051.84,11502.7,43.18,16.37,395745.12,150068.98,1930.59
1628,2020-07-17,BTCUSDT,544.3,235331,235660,9146.28,14656.82,13397.54,24.16,31.46,220314.28,288195.22,2043.68
1629,2020-07-16,BTCUSDT,580.64,340784,341023,9118.76,22965.44,20410.13,43.8,37.47,398145.89,342571.29,2321.41
1630,2020-07-15,BTCUSDT,649.27,272026,282754,9219.52,21075.9,17977.68,50.0,253.28,460750.0,2341071.53,4494.71
1631,2020-07-14,BTCUSDT,687.92,302062,311077,9210.31,24106.02,21666.54,71.3,39.67,655202.97,362929.18,3355.62
1632,2020-07-13,BTCUSDT,617.25,308467,334085,9279.1,23050.63,19689.44,13.19,27.0,122368.41,249607.45,2296.45
1633,2020-07-12,BTCUSDT,589.0,241750,243125,9248.02,15892.51,14980.19,50.65,121.55,465190.55,1133454.41,3777.89
1634,2020-07-11,BTCUSDT,504.07,205494,207958,9231.95,11745.89,10815.47,20.54,15.72,190301.65,144769.09,1883.14
1635,2020-07-10,BTCUSDT,670.31,266297,259187,9215.99,19934.88,18360.61,86.83,31.14,795362.64,284986.68,2738.23
1636,2020-07-09,BTCUSDT,777.84,285046,290445,9259.88,25399.54,22644.92,45.82,96.83,427769.04,904376.08,3085.29
1637,2020-07-08,BTCUSDT,805.0,337057,315548,9394.92,28072.84,28067.68,100.0,60.9,946300.0,572512.1,3517.51
1638,2020-07-07,BTCUSDT,739.54,215778,217703,9274.44,18302.49,16284.85,35.43,35.16,327666.78,325266.24,2506.59
1639,2020-07-06,BTCUSDT,941.91,278735,254805,9256.27,26330.19,28132.94,86.17,65.84,792351.02,605724.5,4139.47
1640,2020-07-05,BTCUSDT,802.11,191343,193157,9035.89,17797.42,16276.23,94.22,45.87,853591.14,414539.98,3531.89
1641,2020-07-04,BTCUSDT,717.66,176646,158579,9121.83,12853.15,13588.82,34.2,127.69,313111.38,1168443.99,3089.43
1642,2020-07-03,BTCUSDT,766.7,171719,171470,9073.58,15223.9,13719.52,100.95,45.19,916607.77,411446.04,3165.1
1643,2020-07-02,BTCUSDT,888.22,235185,235107,9092.27,24087.54,21637.63,33.44,20.0,306618.22,181760.0,3108.66
1644,2020-07-01,BTCUSDT,944.66,196040,178792,9201.37,19419.7,19068.83,30.0,30.62,277950.0,281170.37,3387.85
1645,2020-06-30,BTCUSDT,877.16,164603,163480,9136.15,16195.42,15267.75,18.87,26.04,172223.11,236158.94,3202.19
1646,2020-06-29,BTCUSDT,884.66,210403,223896,9161.31,21671.2,20449.1,71.26,21.58,656687.24,197008.01,3450.71
1647,2020-06-28,BTCUSDT,744.44,185438,188966,9085.14,15705.37,14982.8,34.21,61.77,306928.0,564623.2,3218.71
1648,2020-06-27,BTCUSDT,840.2,246128,253287,9004.94,25234.05,21056.88,38.8,70.37,348138.14,627029.22,3406.49
1649,2020-06-26,BTCUSDT,902.93,258822,252125,9156.0,26984.39,23307.9,20.97,48.79,192853.72,443969.67,3564.55
1650,2020-06-25,BTCUSDT,959.33,258867,277338,9210.02,29285.22,26546.4,75.3,56.38,685237.25,508159.15,4553.03
1651,2020-06-24,BTCUSDT,1012.34,266753,305609,9366.0,34668.02,26903.54,85.22,73.38,798940.86,701465.97,4427.21
1652,2020-06-23,BTCUSDT,833.8,231880,242439,9647.05,21918.42,19112.61,53.22,161.44,511298.33,1556249.59,4210.47
1653,2020-06-22,BTCUSDT,935.95,309764,278940,9549.88,27157.27,30738.2,47.87,57.48,457197.51,543312.93,3921.96
1654,2020-06-21,BTCUSDT,708.59,158974,162041,9332.74,12537.13,11779.8,32.16,36.1,301615.69,337572.11,2612.9
1655,2020-06-20,BTCUSDT,737.03,191433,191345,9308.3,15203.98,15125.08,66.21,66.31,611119.32,618265.64,3046.49
1656,2020-06-19,BTCUSDT,840.32,250212,253272,9322.95,23275.01,22055.97,100.0,57.27,928000.0,533410.54,4065.38
1657,2020-06-18,BTCUSDT,740.2,237694,237380,9387.31,19441.55,17940.41,49.99,35.01,470370.01,330329.79,3111.74
1658,2020-06-17,BTCUSDT,845.29,259003,277155,9429.85,25203.58,22842.83,44.08,54.05,414312.84,514587.72,3304.45
1659,2020-06-16,BTCUSDT,909.8,270174,273307,9479.41,26359.61,25692.84,103.84,52.36,981249.81,501040.57,4453.34
1660,2020-06-15,BTCUSDT,945.2,412846,426675,9245.22,44477.18,41630.75,147.29,201.59,1398260.92,1847730.14,4678.03
1661,2020-06-14,BTCUSDT,678.91,210454,205114,9364.87,15590.09,14465.42,32.05,61.15,300858.37,568346.07,3055.96
1662,2020-06-13,BTCUSDT,666.24,198171,194592,9439.69,14228.78,13531.01,41.99,109.8,398474.67,1031541.69,3426.84
1663,2020-06-12,BTCUSDT,853.23,281927,271276,9400.71,25774.25,24344.82,51.63,47.29,484330.21,441126.77,3264.27
1664,2020-06-11,BTCUSDT,933.34,448848,517654,9498.92,53446.92,40972.06,82.33,93.62,770104.45,870583.32,3940.27
1665,2020-06-10,BTCUSDT,824.35,274201,286708,9880.75,24002.6,23128.16,44.99,30.0,443189.25,296348.1,3280.08
1666,2020-06-09,BTCUSDT,810.36,271148,280715,9728.34,24122.81,21901.19,66.05,62.02,641324.31,603464.55,3343.88
1667,2020-06-08,BTCUSDT,815.15,235415,249724,9720.9,20920.63,19744.04,49.54,39.31,477993.7,383150.85,3415.05
1668,2020-06-07,BTCUSDT,873.24,319316,318450,9582.32,29526.25,28426.6,99.28,89.22,933292.49,873054.53,4920.01
1669,2020-06-06,BTCUSDT,724.2,216432,219364,9653.97,16920.26,15832.69,47.42,28.25,455029.24,271079.42,2894.92
1670,2020-06-05,BTCUSDT,821.82,269493,296569,9692.99,25458.94,22329.11,62.36,22.0,604026.26,215820.0,3399.13
1671,2020-06-04,BTCUSDT,836.84,338904,326977,9721.51,28677.86,28778.24,40.04,39.65,392230.4,390494.4,3207.88
1672,2020-06-03,BTCUSDT,785.25,282925,279859,9555.5,23596.34,22656.31,52.63,32.28,500019.74,307388.29,3083.45
1673,2020-06-02,BTCUSDT,1065.47,466817,537495,9818.03,59615.87,49354.91,85.73,128.15,865456.91,1295726.18,4914.82
1674,2020-06-01,BTCUSDT,906.58,447464,379500,9849.89,35118.71,41530.41,91.14,185.73,942409.02,1908403.97,4976.08
1675,2020-05-31,BTCUSDT,708.05,318064,333409,9515.61,25555.79,22778.0,45.86,80.14,441878.91,767216.38,2943.08
1676,2020-05-30,BTCUSDT,814.69,341666,309624,9536.07,26412.59,29252.68,54.29,118.65,518486.05,1133106.07,3795.94
1677,2020-05-29,BTCUSDT,914.19,281293,312412,9448.91,30555.15,26819.21,29.02,96.0,271740.53,902400.0,3777.5
1678,2020-05-28,BTCUSDT,939.36,375954,362771,9422.33,36135.89,37974.9,72.04,60.0,666339.2,567000.0,3812.9
1679,2020-05-27,BTCUSDT,942.39,321145,341705,9093.17,35377.74,33532.62,37.08,160.0,336737.88,1416000.0,3944.05
1680,2020-05-26,BTCUSDT,761.39,331375,346929,8844.86,30057.6,28242.17,76.59,37.52,685871.17,337303.84,3129.92
1681,2020-05-25,BTCUSDT,754.6,360372,373185,8808.97,32062.02,30771.89,31.28,42.62,273127.18,373784.01,2967.34
1682,2020-05-24,BTCUSDT,822.63,359107,414981,8972.76,38333.46,32046.41,123.68,75.41,1132528.93,659826.89,3625.25
1683,2020-05-23,BTCUSDT,781.34,250505,261955,9185.41,22148.68,21377.62,61.78,31.97,569744.09,290628.85,3094.43
1684,2020-05-22,BTCUSDT,775.34,341528,352166,9134.44,29955.82,28987.32,33.43,61.45,303186.57,558895.48,2992.61
1685,2020-05-21,BTCUSDT,1052.6,449256,502715,9189.48,59014.7,49914.08,34.0,41.22,308379.99,392292.14,3780.43
1686,2020-05-20,BTCUSDT,986.33,326978,404211,9586.42,41441.94,33481.8,78.86,74.63,741130.33,728771.32,4051.82
1687,2020-05-19,BTCUSDT,983.37,370646,402935,9715.23,40718.04,37821.72,49.12,57.79,482381.33,566350.47,3812.06
1688,2020-05-18,BTCUSDT,1004.19,379053,415239,9672.08,41763.76,40242.84,110.0,71.29,1053800.0,678646.56,4324.82
1689,2020-05-17,BTCUSDT,917.49,356756,365962,9663.0,33913.73,34734.03,61.66,61.43,607335.71,601130.84,3487.59
1690,2020-05-16,BTCUSDT,810.01,332117,359911,9417.56,30726.26,28861.37,33.65,202.0,317128.48,1919000.0,4066.03
1691,2020-05-15,BTCUSDT,1041.77,506756,548874,9480.59,60493.64,55397.12,99.12,139.65,912905.58,1298751.52,4426.44
1692,2020-05-14,BTCUSDT,1039.95,591868,607662,9684.49,66126.87,63438.51,42.93,50.0,419617.17,480000.0,3594.39
1693,2020-05-13,BTCUSDT,966.07,408940,460276,9139.56,48817.92,43648.35,100.0,155.9,893500.0,1387546.61,4159.97
1694,2020-05-12,BTCUSDT,968.58,357869,426990,8761.43,45952.46,40570.32,72.82,73.42,629903.5,658033.32,3657.95
1695,2020-05-11,BTCUSDT,1073.87,644384,722998,8647.3,87332.66,81474.6,47.04,59.54,416362.85,500477.79,3667.77
1696,2020-05-10,BTCUSDT,1018.67,726076,839695,8670.62,99488.6,84376.58,57.27,102.03,498310.44,894801.57,3900.31
1697,2020-05-09,BTCUSDT,947.12,391320,448064,9661.1,45212.0,36738.68,83.21,93.56,805600.54,899999.99,3959.77
1698,2020-05-08,BTCUSDT,1030.16,449719,518097,9869.8,54476.16,46207.64,34.54,58.73,338630.83,576187.6,3578.44
1699,2020-05-07,BTCUSDT,1123.48,640493,614342,9634.91,72552.42,74602.19,124.33,39.9,1156262.39,398844.78,4337.67
1700,2020-05-06,BTCUSDT,965.4,494665,512996,9202.95,54735.51,51189.79,50.0,208.98,457937.78,1925725.97,4051.75
1701,2020-05-05,BTCUSDT,840.67,391894,420649,8909.35,39026.25,37454.52,45.56,29.05,412196.04,257369.98,3107.05
1702,2020-05-04,BTCUSDT,869.87,399786,449016,8770.01,45300.13,39118.38,36.38,28.52,313926.64,248767.38,3271.55
1703,2020-05-03,BTCUSDT,921.33,436925,440535,8968.9,45804.7,44321.37,67.57,115.1,604906.85,1053129.26,3950.98
1704,2020-05-02,BTCUSDT,821.21,324483,313401,8911.66,28601.73,30400.35,300.0,34.58,2649900.0,305813.5,4691.56
1705,2020-05-01,BTCUSDT,930.34,429201,436759,8857.63,46705.46,44763.35,34.0,100.0,298009.95,899000.0,3763.14
1706,2020-04-30,BTCUSDT,1106.97,825344,836210,8892.71,106792.74,99484.48,116.07,46.94,1021426.34,432829.97,4192.1
1707,2020-04-29,BTCUSDT,1072.05,723322,709806,8434.38,92084.88,91462.01,150.0,212.84,1249950.0,1662308.16,4283.62
1708,2020-04-28,BTCUSDT,715.62,227883,271531,7727.01,24997.25,21305.5,30.05,31.92,230753.43,247716.38,2758.17
1709,2020-04-27,BTCUSDT,790.26,306935,330865,7704.0,33847.23,31594.11,67.18,36.62,517420.18,280903.82,3098.25
1710,2020-04-26,BTCUSDT,692.91,270314,284166,7599.0,25815.12,24707.49,49.25,49.03,375766.34,370423.77,2638.53
1711,2020-04-25,BTCUSDT,634.73,252669,269274,7555.25,22763.29,21111.14,41.31,159.32,311888.89,1204458.01,3181.58
1712,2020-04-24,BTCUSDT,752.16,294427,306666,7481.47,30769.61,29412.51,27.35,72.06,205505.72,547997.87,2770.83
1713,2020-04-23,BTCUSDT,858.38,445465,435634,7414.69,50297.97,52475.6,38.29,33.67,286563.95,257560.17,3037.6
1714,2020-04-22,BTCUSDT,847.86,225942,282717,7043.59,33227.52,28258.86,77.39,30.0,537077.2,207000.0,3141.7
1715,2020-04-21,BTCUSDT,740.92,256111,299686,6845.01,32377.55,27732.16,32.72,32.0,225612.44,219200.0,2589.17
1716,2020-04-20,BTCUSDT,801.88,364734,420440,6975.68,49721.98,40427.52,47.53,50.34,324508.92,343598.77,2986.91
1717,2020-04-19,BTCUSDT,675.15,235156,248418,7146.02,24145.83,21519.03,101.31,44.67,723172.46,318977.57,3044.08
1718,2020-04-18,BTCUSDT,717.34,244325,250345,7180.56,25507.9,23980.64,30.0,30.0,218280.0,217650.0,2547.07
1719,2020-04-17,BTCUSDT,711.25,255395,282159,7055.66,28152.54,25973.97,21.91,39.26,154935.06,276876.08,2384.81
1720,2020-04-16,BTCUSDT,890.97,493439,477724,6977.2,61758.65,63251.2,65.47,53.0,461548.63,348793.0,3140.82
1721,2020-04-15,BTCUSDT,717.18,289128,292246,6742.83,31704.49,29866.89,38.43,26.6,260352.22,183450.76,2576.58
1722,2020-04-14,BTCUSDT,780.06,281828,326837,6873.65,37049.3,32019.32,49.0,53.03,337610.0,369149.77,2892.98
1723,2020-04-13,BTCUSDT,807.52,377875,426304,6767.1,51766.98,44648.49,126.67,57.17,848702.0,380451.29,3125.78
1724,2020-04-12,BTCUSDT,796.26,306496,341827,7009.36,38230.71,35637.96,63.87,68.01,454221.13,475222.79,3401.91
1725,2020-04-11,BTCUSDT,643.19,229760,254858,6826.76,24313.16,21157.13,47.11,80.09,322811.27,548226.77,2723.47
1726,2020-04-10,BTCUSDT,766.33,440762,508288,6925.73,56715.66,47958.96,47.2,104.69,327789.62,736692.29,3123.04
1727,2020-04-09,BTCUSDT,648.12,331715,354492,7276.92,32292.98,28801.89,62.28,63.08,446197.96,460925.01,2625.46
1728,2020-04-08,BTCUSDT,739.65,382909,367607,7305.39,37058.59,39000.55,210.19,55.23,1552248.52,406345.24,3313.28
1729,2020-04-07,BTCUSDT,819.1,442614,481822,7281.91,54773.9,48811.27,54.15,75.85,390608.88,549940.3,3044.63
1730,2020-04-06,BTCUSDT,875.36,474162,482424,7135.29,58729.79,59322.21,101.47,51.78,740727.37,357558.28,3249.1
1731,2020-04-05,BTCUSDT,665.56,245971,260462,6785.67,25809.78,23875.58,86.16,50.0,575715.83,336000.0,2437.07
1732,2020-04-04,BTCUSDT,751.2,330281,328770,6805.42,36571.8,36419.06,32.32,37.28,219598.98,250006.28,2598.17
1733,2020-04-03,BTCUSDT,845.08,407957,432499,6822.7,53002.34,51077.94,139.32,81.63,960290.22,555076.92,3234.87
1734,2020-04-02,BTCUSDT,921.39,546675,554368,6791.68,74577.74,74722.16,76.51,60.65,518708.98,411802.35,3213.61
1735,2020-04-01,BTCUSDT,815.93,381945,376116,6380.2,48339.38,49161.37,72.6,48.87,455186.16,318232.88,2943.79
1736,2020-03-31,BTCUSDT,865.39,255974,282257,6426.17,37606.69,34730.9,23.96,36.79,152943.33,236751.65,2618.57
1737,2020-03-30,BTCUSDT,953.49,389661,394373,6304.97,60026.24,58863.31,50.28,39.8,315493.14,259872.03,3053.25
1738,2020-03-29,BTCUSDT,772.5,239339,257370,6002.08,34230.66,29080.97,38.23,72.69,233377.06,444911.95,2626.05
1739,2020-03-28,BTCUSDT,796.58,348585,377003,6207.62,48199.17,44960.52,54.37,240.0,339520.34,1464000.0,3273.13
1740,2020-03-27,BTCUSDT,856.59,304997,338634,6587.17,44475.7,38439.27,45.33,60.88,302275.84,405808.85,2975.81
1741,2020-03-26,BTCUSDT,826.57,331195,337272,6656.38,41903.14,41123.41,100.0,34.75,674000.0,227424.46,2869.54
1742,2020-03-25,BTCUSDT,965.0,416833,495346,6674.19,68640.57,63515.17,75.76,39.74,503293.23,266135.7,2892.73
1743,2020-03-24,BTCUSDT,989.36,485618,527051,6650.9,78356.19,72781.82,45.72,43.33,299683.1,290689.7,2835.55
1744,2020-03-23,BTCUSDT,923.7,558556,540850,6211.69,80538.2,84136.01,46.94,52.66,294797.26,312253.4,2835.36
1745,2020-03-22,BTCUSDT,759.14,452197,500062,6008.82,61926.09,57189.9,49.81,45.91,292320.03,268575.36,2567.09
1746,2020-03-21,BTCUSDT,802.2,469947,521027,6127.08,65587.57,63326.1,38.28,34.36,243109.77,212669.76,2566.57
1747,2020-03-20,BTCUSDT,887.13,733401,846668,6397.9,114578.69,104719.64,63.12,100.0,407149.79,655000.0,3095.0
1748,2020-03-19,BTCUSDT,829.82,660582,743026,5883.58,100008.93,99011.95,104.6,53.93,653766.76,309147.33,2902.54
1749,2020-03-18,BTCUSDT,747.52,448529,514314,5231.48,72021.57,65106.07,68.26,38.32,363809.3,200787.26,2266.15
1750,2020-03-17,BTCUSDT,741.8,527543,541674,5304.25,75391.55,74698.37,54.68,56.61,284328.29,312196.59,2444.47
1751,2020-03-16,BTCUSDT,692.52,794346,813830,4882.55,118374.96,108901.97,99.18,73.97,456042.97,347347.21,2538.54
1752,2020-03-15,BTCUSDT,726.36,529230,508484,5447.12,69375.5,70540.65,52.0,65.91,300300.0,370389.25,2599.6
1753,2020-03-14,BTCUSDT,665.98,536877,569248,5359.93,70806.12,66104.02,75.7,55.49,401191.29,294075.35,2281.36
1754,2020-03-13,BTCUSDT,893.49,1114651,1195179,5121.14,204689.72,197511.95,105.0,185.97,577500.0,762481.02,3695.24
1755,2020-03-12,BTCUSDT,919.69,838592,932220,6283.93,142207.6,119298.01,85.31,183.2,554008.43,1058908.22,4261.27
1756,2020-03-11,BTCUSDT,892.86,356424,342977,7823.64,39444.52,40497.89,70.69,98.5,558112.12,775683.41,4988.24
1757,2020-03-10,BTCUSDT,935.15,364966,372562,7977.62,43109.86,43673.58,116.25,100.0,918966.28,800677.0,4860.54
1758,2020-03-09,BTCUSDT,988.76,452801,476433,7847.64,58947.91,58020.96,132.87,134.88,1041723.83,1048019.36,5014.16
1759,2020-03-08,BTCUSDT,886.86,337100,403641,8357.86,42693.71,34843.61,79.15,83.08,690963.74,736823.13,4255.47
1760,2020-03-07,BTCUSDT,844.63,243847,241553,8960.19,23140.49,22281.72,82.74,55.86,751652.37,500206.67,4500.99
1761,2020-03-06,BTCUSDT,806.13,248843,244373,9079.15,21486.39,22296.56,89.12,97.94,810993.66,892241.86,4535.41
1762,2020-03-05,BTCUSDT,845.94,317277,302275,9020.46,27719.78,30482.08,117.35,100.0,1038574.05,902000.0,4131.13
1763,2020-03-04,BTCUSDT,745.02,225055,229762,8744.19,19417.15,19279.33,41.05,57.46,361254.15,502488.27,3136.17
1764,2020-03-03,BTCUSDT,944.26,241444,271318,8758.29,28200.77,26954.23,96.57,167.91,847851.68,1460796.25,4536.39
1765,2020-03-02,BTCUSDT,936.89,278773,285762,8784.5,29188.24,31213.08,95.1,100.0,844477.26,867000.0,4515.69
1766,2020-03-01,BTCUSDT,796.0,235828,236191,8556.3,22053.83,21838.37,77.71,70.37,658865.78,601675.91,4091.24
1767,2020-02-29,BTCUSDT,769.21,208820,205355,8659.12,17831.33,18916.85,58.43,95.65,499925.79,821658.85,3667.43
1768,2020-02-28,BTCUSDT,938.9,318193,337534,8662.36,35859.6,35295.61,57.95,51.5,499740.66,448050.0,3765.8
1769,2020-02-27,BTCUSDT,914.32,343296,353350,8772.45,37073.56,35410.01,100.0,50.0,882000.0,443000.0,3713.93
1770,2020-02-26,BTCUSDT,953.73,402593,468425,9049.39,50201.47,41928.87,61.68,90.49,560328.78,836161.5,4298.05
1771,2020-02-25,BTCUSDT,889.25,282473,296606,9417.25,28060.41,26318.93,85.6,121.68,803819.8,1164516.27,4153.85
1772,2020-02-24,BTCUSDT,919.74,279662,309722,9703.76,29369.67,26426.93,58.03,51.95,559411.51,500645.77,3951.83
1773,2020-02-23,BTCUSDT,841.33,232158,209777,9841.11,17666.84,20035.25,62.36,40.64,617341.73,404313.81,3759.83
1774,2020-02-22,BTCUSDT,742.42,166450,153511,9640.02,11369.51,13267.25,33.81,100.0,323871.59,964000.0,3450.93
1775,2020-02-21,BTCUSDT,867.59,232022,238577,9641.03,20536.29,21645.27,86.79,51.33,845308.74,500514.63,3959.95
1776,2020-02-20,BTCUSDT,863.1,325695,341692,9578.87,30309.13,29843.21,60.0,62.1,576000.0,592444.83,4043.4
1777,2020-02-19,BTCUSDT,930.23,277013,311747,9857.36,29704.67,25457.92,100.0,54.69,1012000.0,526094.11,4271.2
1778,2020-02-18,BTCUSDT,963.31,362621,360792,9903.35,33300.13,37304.0,94.82,76.59,962334.52,745603.65,4895.45
1779,2020-02-17,BTCUSDT,873.98,374494,403564,9677.49,37039.17,33221.84,40.9,60.0,395194.51,577080.0,3646.6
1780,2020-02-16,BTCUSDT,836.9,343434,364636,9885.7,30617.86,29406.14,90.49,88.8,902202.68,864061.95,3997.43
1781,2020-02-15,BTCUSDT,785.16,345032,394749,9971.45,30898.62,26758.58,99.91,85.39,992590.57,847680.35,3750.78
1782,2020-02-14,BTCUSDT,775.27,304987,317323,10264.29,23341.47,23697.01,100.0,33.57,1020000.0,344566.21,3238.59
1783,2020-02-13,BTCUSDT,874.26,458743,474059,10255.7,40869.09,38475.27,95.53,100.0,979810.24,1018000.0,3721.76
1784,2020-02-12,BTCUSDT,734.28,435447,422208,10328.05,29866.26,31141.81,55.23,39.92,568841.41,413563.4,3105.26
1785,2020-02-11,BTCUSDT,880.03,358712,351458,10096.96,30517.08,31905.32,110.0,53.06,1073838.7,518358.07,4283.52
1786,2020-02-10,BTCUSDT,854.82,353029,337279,9896.45,30954.2,28618.88,68.9,98.25,680085.46,964808.91,4815.66
1787,2020-02-09,BTCUSDT,814.83,272233,264615,10067.26,21000.2,22408.28,67.74,99.14,684151.62,997355.67,4803.53
1788,2020-02-08,BTCUSDT,831.33,264339,250234,9818.09,20936.46,22664.38,330.87,205.8,3245817.87,2020302.02,7627.43
1789,2020-02-07,BTCUSDT,739.79,300885,281364,9811.7,21232.13,22733.99,100.0,103.75,975295.0,1010564.1,4199.82
1790,2020-02-06,BTCUSDT,925.34,329501,352678,9727.73,32806.25,32143.45,93.84,183.99,906553.76,1777358.73,6188.81
1791,2020-02-05,BTCUSDT,927.14,343913,317845,9474.72,29494.81,35375.61,200.0,100.0,1850000.0,919341.0,5292.25
1792,2020-02-04,BTCUSDT,928.55,261204,267726,9216.84,27204.74,26103.43,99.89,181.88,917979.26,1671395.95,5361.03
1793,2020-02-03,BTCUSDT,968.01,243119,249005,9353.06,26110.74,24781.4,178.24,62.81,1655442.22,592961.78,4855.76
1794,2020-02-02,BTCUSDT,958.59,221941,224617,9344.66,23102.51,22588.41,59.6,79.87,562610.33,738793.45,5207.62
1795,2020-02-01,BTCUSDT,800.48,175212,159760,9376.71,13898.94,14679.13,85.71,48.3,807427.65,452663.25,3896.24
1796,2020-01-31,BTCUSDT,993.54,220885,207662,9372.19,23069.55,22482.47,100.0,100.0,944198.0,940000.0,5228.34
1797,2020-01-30,BTCUSDT,1075.69,269765,259805,9428.93,29774.19,30852.56,64.8,108.6,600696.93,1007304.6,5248.75
1798,2020-01-29,BTCUSDT,1021.61,253285,239260,9336.96,27248.41,26615.65,199.89,46.8,1872980.41,438695.24,5170.37
1799,2020-01-28,BTCUSDT,1097.16,323892,292786,9094.72,35732.49,38852.36,110.66,71.13,1002584.77,643342.57,5191.16
1800,2020-01-27,BTCUSDT,920.26,278205,235991,8850.01,25381.22,28592.33,44.76,50.2,383709.66,438434.75,3612.64
1801,2020-01-26,BTCUSDT,793.54,156205,176407,8508.93,15332.57,15797.91,38.48,60.0,322092.36,516060.0,3645.02
1802,2020-01-25,BTCUSDT,751.87,146391,136727,8348.91,12444.41,13076.75,31.09,26.59,258344.48,220183.92,2678.69
1803,2020-01-24,BTCUSDT,859.07,210020,197251,8395.98,20394.04,21293.49,48.7,42.23,408349.5,356862.17,3156.65
1804,2020-01-23,BTCUSDT,876.56,229770,235035,8449.74,24878.23,23287.71,77.7,38.75,657105.02,332850.9,3305.33
1805,2020-01-22,BTCUSDT,795.9,155587,161837,8696.79,14603.4,14477.16,42.0,226.66,363775.44,1967449.66,4809.9
1806,2020-01-21,BTCUSDT,864.44,185921,179700,8671.01,17762.82,18731.87,69.65,45.88,607328.29,396438.24,3786.2
1807,2020-01-20,BTCUSDT,873.88,189448,195558,8636.87,19442.78,19453.86,100.0,103.69,866000.0,896390.83,4532.21
1808,2020-01-19,BTCUSDT,1013.46,298667,316998,8730.82,37020.95,33655.94,85.59,74.63,741205.15,647609.2,5024.97
1809,2020-01-18,BTCUSDT,743.92,231566,226616,8905.43,18873.45,19421.3,31.94,49.45,284232.38,436110.18,3175.07
1810,2020-01-17,BTCUSDT,930.76,350744,325659,8858.7,34757.93,36139.81,130.73,78.16,1150413.09,698720.66,5160.77
1811,2020-01-16,BTCUSDT,831.86,266597,276467,8704.56,25994.77,25996.3,230.0,145.46,1996400.0,1266004.96,5191.49
1812,2020-01-15,BTCUSDT,973.38,382277,381771,8775.67,42322.75,42493.55,98.79,154.86,862407.8,1367395.68,6197.8
1813,2020-01-14,BTCUSDT,1128.27,497015,418313,8568.97,57907.03,62492.1,100.0,95.39,851000.0,808887.61,5096.18
1814,2020-01-13,BTCUSDT,873.81,139802,149342,8120.74,15944.53,15215.23,128.2,51.54,1037128.83,417462.22,3721.16
1815,2020-01-12,BTCUSDT,882.19,180589,170073,8113.99,18412.95,19718.54,90.11,98.95,730793.88,806477.52,4357.83
1816,2020-01-11,BTCUSDT,948.64,235627,233504,8164.09,26893.91,27916.12,74.27,97.75,595607.02,788819.17,4466.22
1817,2020-01-10,BTCUSDT,1077.01,315209,290892,7975.07,40045.02,42361.76,62.11,63.74,496912.58,500935.39,4719.44
1818,2020-01-09,BTCUSDT,1059.44,238323,240477,7910.96,32593.76,31645.76,48.3,74.82,377100.88,593319.92,4406.21
1819,2020-01-08,BTCUSDT,1115.65,418810,411565,8198.7,57551.53,55071.11,71.88,71.16,595760.12,592695.63,4856.43
1820,2020-01-07,BTCUSDT,1056.74,356076,329239,7941.51,44979.57,46192.11,85.14,60.28,669132.29,486894.98,4482.03
1821,2020-01-06,BTCUSDT,918.64,233424,216513,7631.05,25781.93,28853.77,48.03,64.24,360984.59,484099.12,3669.02
1822,2020-01-05,BTCUSDT,865.25,168167,161042,7390.58,18875.72,19455.37,38.09,47.6,282522.43,356431.18,3082.27
1823,2020-01-04,BTCUSDT,787.04,148949,130421,7343.44,13618.59,16369.38,34.0,34.0,248457.04,249835.4,2769.06
1824,2020-01-03,BTCUSDT,952.38,256153,263701,7238.18,32833.0,35595.5,66.92,64.59,479827.57,447785.23,3835.13
1825,2020-01-02,BTCUSDT,746.64,152594,150073,7034.32,16809.87,15141.61,48.7,62.01,346595.95,440866.04,2978.24
1826,2020-01-01,BTCUSDT,624.78,103590,90420,7210.33,7845.43,8946.96,31.99,48.0,231628.29,344621.8,2175.59
1827,2019-12-31,BTCUSDT,744.19,128822,123154,7220.08,13358.52,12595.93,49.08,50.0,354916.56,362000.0,3166.71
1828,2019-12-30,BTCUSDT,775.93,134475,144558,7291.41,15837.66,13768.26,65.12,35.73,478776.15,263547.96,3008.65
1829,2019-12-29,BTCUSDT,818.22,142026,141187,7401.56,15387.33,15999.78,41.55,34.0,307482.94,251513.3,3005.8
1830,2019-12-28,BTCUSDT,720.17,135840,136767,7306.61,12954.51,13894.48,34.2,61.7,249489.0,451062.88,2822.59
1831,2019-12-27,BTCUSDT,814.82,149215,148047,7202.34,16760.31,16882.4,52.62,41.1,378859.64,293454.0,3376.47
1832,2019-12-26,BTCUSDT,779.67,174704,162991,7264.71,17371.9,18887.87,47.83,36.15,346792.88,260261.95,3045.61
1833,2019-12-25,BTCUSDT,683.88,154754,135170,7201.75,13059.01,14433.04,47.48,34.0,341850.95,243304.0,2550.06
1834,2019-12-24,BTCUSDT,827.78,195877,188801,7283.16,22076.74,21552.75,43.64,37.49,315310.81,271816.27,2911.7
1835,2019-12-23,BTCUSDT,962.39,258862,271807,7476.2,34607.75,33444.24,190.39,47.6,1464134.22,359427.6,4269.5
1836,2019-12-22,BTCUSDT,800.81,186575,170037,7380.82,18512.02,20625.44,46.72,61.18,337344.46,444760.19,3593.49
1837,2019-12-21,BTCUSDT,655.49,111218,100944,7142.78,9347.41,10119.76,33.99,33.7,242519.59,239997.57,2333.96
1838,2019-12-20,BTCUSDT,734.87,162452,150314,7162.44,15491.02,16641.05,33.78,33.57,240707.52,240936.4,2448.01
1839,2019-12-19,BTCUSDT,903.69,217601,222160,7192.45,28052.52,27456.53,34.7,62.08,254351.0,450093.25,3736.2
1840,2019-12-18,BTCUSDT,915.95,354387,359686,6923.49,45793.0,49843.65,71.86,69.89,499554.48,501895.31,3748.44
1841,2019-12-17,BTCUSDT,801.78,225315,228782,6702.68,27354.62,26510.45,49.15,42.1,331246.21,290405.8,3187.59
1842,2019-12-16,BTCUSDT,828.41,179229,191973,6959.24,22351.3,21512.69,54.1,37.96,370585.0,262276.27,3256.7
1843,2019-12-15,BTCUSDT,713.5,136352,126299,7109.08,12616.9,13778.88,22.95,36.7,162650.74,261252.25,2333.32
1844,2019-12-14,BTCUSDT,762.25,140942,135877,7115.94,15164.71,14397.27,34.0,39.15,242080.0,275776.76,2733.71
1845,2019-12-13,BTCUSDT,792.58,132527,119608,7252.76,13310.84,14299.03,36.05,34.0,261810.44,247155.28,2693.34
1846,2019-12-12,BTCUSDT,916.25,167643,163771,7191.13,21441.22,20847.38,47.94,34.0,345086.53,243610.0,3113.72
1847,2019-12-11,BTCUSDT,809.25,137637,130632,7203.72,14617.55,15475.54,37.68,32.73,273965.02,235136.93,2511.28
1848,2019-12-10,BTCUSDT,825.97,233872,205765,7250.85,24984.7,24739.06,70.0,70.0,514850.0,506098.55,3238.75
1849,2019-12-09,BTCUSDT,966.14,179553,180095,7420.55,22888.76,23733.13,57.91,40.29,433380.48,301943.03,3703.42
1850,2019-12-08,BTCUSDT,867.19,129274,128240,7482.99,14561.25,15295.65,47.19,39.44,350760.73,291770.46,3331.38
1851,2019-12-07,BTCUSDT,899.12,132048,131544,7526.0,15319.5,16179.18,49.34,49.48,371563.08,372079.37,3394.75
1852,2019-12-06,BTCUSDT,970.24,190587,177267,7474.17,22288.07,25901.01,99.97,29.53,738580.89,221036.77,4779.06
1853,2019-12-05,BTCUSDT,1010.18,224022,206337,7335.57,28511.8,30794.87,57.23,48.94,420318.07,352664.15,3620.49
1854,2019-12-04,BTCUSDT,1179.02,264818,251432,7391.87,41283.06,41870.64,93.99,35.86,672054.29,267142.31,4098.71
1855,2019-12-03,BTCUSDT,913.29,132727,132664,7311.35,16510.18,16639.29,40.73,44.17,298951.6,324405.78,3390.11
1856,2019-12-02,BTCUSDT,1033.68,170717,156164,7288.65,22286.64,24043.62,41.86,76.44,308182.97,554817.47,3923.88
1857,2019-12-01,BTCUSDT,1061.71,225889,194684,7368.16,29649.34,31120.0,63.24,52.45,463294.77,383998.73,4080.68
1858,2019-11-30,BTCUSDT,1035.33,170704,175802,7597.63,23245.82,23743.61,65.17,67.75,499399.33,511176.24,3929.29
1859,2019-11-29,BTCUSDT,1121.27,203430,209499,7647.72,29168.41,31576.89,39.6,67.01,300966.84,515970.62,4187.42
1860,2019-11-28,BTCUSDT,1099.29,191511,197442,7474.16,28057.27,28876.71,72.0,39.98,541491.0,304664.1,4272.97
1861,2019-11-27,BTCUSDT,1153.92,287533,294522,7366.58,45394.84,47058.03,72.56,61.36,497021.5,420316.27,4329.42
1862,2019-11-26,BTCUSDT,1082.2,219931,214002,7157.6,32421.05,33301.35,87.48,59.72,624157.19,433111.41,4252.86
1863,2019-11-25,BTCUSDT,1223.49,328912,350809,7052.85,59112.34,60533.39,158.57,75.05,1128985.04,509836.31,5260.38
1864,2019-11-24,BTCUSDT,1080.51,216919,229095,7086.48,34502.68,33387.53,58.7,122.1,422405.2,863962.9,4713.79
1865,2019-11-23,BTCUSDT,880.21,204878,209167,7248.35,24567.26,25882.63,74.32,99.87,542515.12,715053.35,3871.23
1866,2019-11-22,BTCUSDT,1122.65,390464,427140,7201.55,65735.23,60867.91,169.49,88.66,1245776.35,678694.86,5086.71
1867,2019-11-21,BTCUSDT,1058.37,207490,222572,7744.89,31516.41,26902.37,42.16,68.49,325932.13,534680.01,4706.63
1868,2019-11-20,BTCUSDT,911.87,148054,140789,8133.57,15715.04,16751.19,134.39,45.7,1089238.88,374237.76,4084.24
1869,2019-11-19,BTCUSDT,989.04,175563,181819,8118.42,21739.34,21816.73,70.52,203.16,574760.96,1646015.17,5081.54
1870,2019-11-18,BTCUSDT,979.37,178447,187816,8250.23,22492.57,20525.12,125.31,107.64,1011844.55,891169.62,4387.28
1871,2019-11-17,BTCUSDT,885.98,130597,128997,8496.03,13401.52,13607.52,66.7,37.72,570955.77,321531.36,4001.89
1872,2019-11-16,BTCUSDT,765.63,122423,109050,8478.01,10198.67,10703.63,48.82,25.3,413014.87,214923.5,2754.62
1873,2019-11-15,BTCUSDT,931.1,210393,213526,8551.15,23519.13,22568.29,44.7,27.3,385103.61,231367.5,3249.33
1874,2019-11-14,BTCUSDT,860.8,170554,166465,8676.43,17195.65,16272.82,34.0,28.94,294072.12,249938.95,3364.16
1875,2019-11-13,BTCUSDT,834.75,136453,145140,8774.7,13285.12,13524.99,36.68,34.0,322938.92,300391.53,2640.19
1876,2019-11-12,BTCUSDT,867.03,201582,205183,8747.13,20141.59,20225.03,33.66,53.86,294751.76,463299.22,3617.66
1877,2019-11-11,BTCUSDT,948.57,207120,208862,8801.96,22776.11,22111.94,57.15,65.34,496660.78,578275.05,4006.67
1878,2019-11-10,BTCUSDT,817.45,183954,191992,8978.89,16699.83,17722.2,35.43,36.12,312699.97,326929.26,3182.19
1879,2019-11-09,BTCUSDT,794.95,163895,162835,8804.76,14479.06,14990.42,68.5,33.06,606231.83,293270.6,3551.15
1880,2019-11-08,BTCUSDT,979.3,277941,289390,8883.74,32061.16,30046.13,43.68,48.53,396846.43,427079.51,4205.11
1881,2019-11-07,BTCUSDT,898.59,202565,199419,9231.65,19513.95,19603.52,76.31,56.66,708907.6,521307.05,4561.87
1882,2019-11-06,BTCUSDT,865.04,206277,196720,9346.77,18389.15,18947.02,38.4,53.94,356565.57,503303.34,3824.62
1883,2019-11-05,BTCUSDT,868.68,251147,241738,9326.23,23126.63,22809.24,133.84,33.97,1242324.33,316576.0,4103.74
1884,2019-11-04,BTCUSDT,940.59,228661,225088,9358.27,21152.64,24741.82,39.55,47.84,363225.02,439351.95,4093.89
1885,2019-11-03,BTCUSDT,787.26,168346,157678,9207.81,14282.57,13611.81,34.58,44.57,323326.06,411139.52,3326.47
1886,2019-11-02,BTCUSDT,823.92,170439,154982,9283.16,13606.87,15316.19,36.5,51.39,337687.77,477956.49,3932.66
1887,2019-11-01,BTCUSDT,834.31,247478,230524,9172.27,20751.21,22843.61,39.96,33.48,368718.06,308050.53,3330.72
1888,2019-10-31,BTCUSDT,1016.26,252503,237680,9172.49,27123.82,27252.2,49.12,44.56,452976.91,407047.63,4080.17
1889,2019-10-30,BTCUSDT,966.7,262039,261996,9142.68,27825.22,27416.56,70.0,59.06,637000.0,537463.65,4275.66
1890,2019-10-29,BTCUSDT,1073.31,291272,268317,9349.74,31371.41,32787.05,55.93,53.68,528535.27,507064.09,4941.35
1891,2019-10-28,BTCUSDT,1114.59,338833,342295,9408.4,40419.54,39754.68,48.83,33.87,453528.21,316826.24,4671.06
1892,2019-10-27,BTCUSDT,1109.33,407784,392194,9486.85,46512.99,47320.55,59.0,40.7,538350.16,387260.5,4899.31
1893,2019-10-26,BTCUSDT,1284.19,610972,574397,9348.54,80998.25,81590.34,83.35,63.09,774963.59,571617.05,5558.26
1894,2019-10-25,BTCUSDT,950.88,410866,364552,8340.21,41159.24,49588.98,65.58,49.24,566624.74,366355.81,4141.66
1895,2019-10-24,BTCUSDT,602.43,204895,198883,7425.97,16009.01,16705.38,50.9,47.26,377016.3,350087.83,2503.31
1896,2019-10-23,BTCUSDT,800.05,283133,327108,7573.14,35423.73,28473.73,43.9,58.8,327703.59,442176.0,3768.61
1897,2019-10-22,BTCUSDT,737.03,195393,189306,8106.0,17884.79,16767.04,90.11,60.93,738821.84,500427.12,3823.67
1898,2019-10-21,BTCUSDT,681.2,201445,165724,8224.1,13864.68,16584.0,48.55,26.79,396660.49,220003.72,2825.21
1899,2019-10-20,BTCUSDT,696.56,196799,199292,8130.12,16244.03,18042.42,38.77,46.77,306278.66,377756.91,3030.45
1900,2019-10-19,BTCUSDT,605.9,185471,164275,7971.01,12741.05,13886.84,46.87,49.97,373565.17,394800.65,2675.09
1901,2019-10-18,BTCUSDT,622.67,208449,191334,7959.34,15660.55,15692.63,31.57,33.27,250409.4,263313.6,2650.55
1902,2019-10-17,BTCUSDT,668.58,183083,173407,8041.51,13734.9,15922.05,49.51,49.14,393727.35,396309.34,3315.7
1903,2019-10-16,BTCUSDT,664.06,217100,203926,8027.07,17534.77,17198.83,104.92,40.0,835547.25,326779.98,3210.07
1904,2019-10-15,BTCUSDT,677.76,215711,183736,8217.43,15950.12,16822.94,39.2,28.81,324159.7,240271.12,2900.99
1905,2019-10-14,BTCUSDT,716.07,174797,170882,8313.35,14537.66,15273.0,61.13,75.28,507375.62,623301.42,3849.24
1906,2019-10-13,BTCUSDT,725.35,155304,164747,8295.46,13804.83,14035.91,51.81,37.98,429083.7,320432.15,3138.68
1907,2019-10-12,BTCUSDT,633.24,148997,131636,8316.7,9694.9,11644.43,41.37,39.65,344452.05,329933.65,2709.44
1908,2019-10-11,BTCUSDT,899.53,238672,233146,8433.95,25787.27,24618.02,47.29,40.0,401985.58,335437.2,3711.21
1909,2019-10-10,BTCUSDT,820.59,213618,193314,8535.25,18550.23,20587.71,40.0,46.21,341199.15,392149.82,3774.44
1910,2019-10-09,BTCUSDT,860.62,279956,257849,8486.07,25826.83,29211.87,40.0,38.45,342998.34,330669.11,3487.06
1911,2019-10-08,BTCUSDT,734.61,200502,195183,8194.05,18558.92,16893.74,40.0,98.74,329400.0,806174.9,3186.93
1912,2019-10-07,BTCUSDT,872.19,255216,227389,8119.83,24113.42,28088.65,168.07,81.36,1386589.6,636223.68,4079.14
1913,2019-10-06,BTCUSDT,845.46,164843,160952,7931.04,18238.79,16437.31,33.28,50.68,262721.63,397102.9,3176.54
1914,2019-10-05,BTCUSDT,745.48,119948,117821,8107.53,11287.55,10620.07,36.85,123.7,296196.28,998258.5,3699.96
1915,2019-10-04,BTCUSDT,831.33,126563,132449,8124.85,13239.52,13236.81,50.46,68.17,412485.68,552520.42,3516.68
1916,2019-10-03,BTCUSDT,889.75,145692,135615,8225.65,15166.88,15321.41,51.0,47.9,425845.92,393498.5,3616.79
1917,2019-10-02,BTCUSDT,827.47,137895,123535,8295.02,12591.03,13652.36,50.0,33.09,418433.5,273008.92,3145.52
1918,2019-10-01,BTCUSDT,936.37,200766,186946,8321.83,20959.43,22520.16,63.49,33.93,526980.73,285187.68,3532.13
1919,2019-09-30,BTCUSDT,985.87,228890,226666,8110.7,26813.48,29052.01,100.0,102.0,806017.0,820046.34,4599.96
1920,2019-09-29,BTCUSDT,786.54,156870,165631,8054.32,16036.81,15507.4,50.0,96.73,403220.5,777821.03,3661.12
1921,2019-09-28,BTCUSDT,879.54,160576,158537,8171.63,16258.57,18215.04,52.03,40.0,425644.43,324600.0,3510.33
1922,2019-09-27,BTCUSDT,954.76,192134,177384,8098.35,20658.06,23224.86,55.97,33.77,456131.78,271795.99,3427.51
1923,2019-09-26,BTCUSDT,1058.87,261056,261006,8053.32,34567.34,33363.51,65.13,54.98,530846.12,448051.96,4078.1
1924,2019-09-25,BTCUSDT,940.59,268168,276638,8435.76,30294.42,30489.47,171.65,47.4,1470249.56,395790.0,4128.46
1925,2019-09-24,BTCUSDT,1120.59,338418,410294,8680.12,51021.09,42986.25,75.97,131.15,652128.12,1127864.86,4924.22
1926,2019-09-23,BTCUSDT,944.63,161422,171395,9789.34,16997.12,14940.11,41.36,98.25,397748.78,978411.31,4751.7
1927,2019-09-22,BTCUSDT,867.65,131042,122671,9990.61,10848.66,11200.61,52.32,42.68,525854.19,424131.32,3546.17
1928,2019-09-21,BTCUSDT,839.45,115297,130142,10021.03,11258.32,9285.85,19.9,80.92,199079.6,807948.7,4213.32
1929,2019-09-20,BTCUSDT,955.71,131296,135736,10170.33,13034.11,12054.38,185.0,139.79,1887000.0,1415399.02,7867.03
1930,2019-09-19,BTCUSDT,1041.77,211515,218212,10091.98,22202.99,22623.29,153.0,57.7,1566720.0,562862.92,5941.99
1931,2019-09-18,BTCUSDT,824.88,141464,158002,10171.67,12497.14,11753.11,62.42,49.57,636698.55,503627.98,4199.02
1932,2019-09-17,BTCUSDT,813.77,136876,150607,10196.94,11718.89,11195.43,44.7,36.71,458356.52,376284.18,3020.77
1933,2019-09-16,BTCUSDT,1080.03,129874,144494,10228.1,15586.1,13385.3,50.0,88.6,517500.0,899328.35,5959.4
1934,2019-09-15,BTCUSDT,954.4,91489,103244,10304.72,9825.85,8221.8,64.13,56.64,660371.39,582167.4,4872.67
1935,2019-09-14,BTCUSDT,961.15,133856,120073,10325.78,10125.55,13495.99,43.24,90.05,447183.77,927981.75,4547.47
1936,2019-09-13,BTCUSDT,1021.92,159967,144980,10311.35,13516.49,16763.85,45.11,33.13,465645.95,341501.16,4108.05
1937,2019-09-12,BTCUSDT,1111.71,167963,149918,10301.27,15960.31,18550.85,55.28,50.0,572144.69,512523.5,5045.5
1938,2019-09-11,BTCUSDT,1040.49,163700,145420,10110.44,15370.01,16583.81,100.0,200.0,1010000.0,1996000.0,6542.66
1939,2019-09-10,BTCUSDT,1026.37,137757,149006,10145.38,15483.16,13432.26,39.76,45.27,409576.41,462097.81,4253.93
1940,2019-09-09,BTCUSDT,1239.87,160064,170395,10283.87,21106.25,18729.47,49.86,184.0,522580.88,1898880.0,7821.86
1941,2019-09-08,BTCUSDT,1051.1,113689,124063,10393.89,13396.08,10588.59,184.0,446.44,1909000.0,4620684.8,13161.5
1942,2019-09-07,BTCUSDT,1058.23,141579,130432,10434.15,12964.39,14673.49,184.0,84.94,1909920.0,884251.13,7014.35
1943,2019-09-06,BTCUSDT,1369.68,232542,222792,10415.77,28846.7,29952.94,179.0,100.0,1927740.0,1045000.0,8802.13
1944,2019-09-05,BTCUSDT,1158.19,153802,156044,10638.16,17435.81,16535.15,111.69,400.08,1211724.81,4220831.91,10253.02
1945,2019-09-04,BTCUSDT,1208.81,198564,184893,10578.64,21699.82,22244.07,39.0,53.96,406965.0,561163.63,5191.51
1946,2019-09-03,BTCUSDT,1215.21,213312,202764,10536.35,23264.07,24734.3,39.73,41.47,423107.46,432523.87,5472.07
1947,2019-09-02,BTCUSDT,1266.29,187601,166554,10167.5,19599.95,25140.3,236.92,147.62,2306592.8,1438978.32,8689.58
1948,2019-09-01,BTCUSDT,985.31,99607,91717,9691.66,7999.79,11545.61,200.0,33.61,1945008.0,323540.48,7057.73
1949,2019-08-31,BTCUSDT,823.93,100984,98204,9564.24,8572.14,8558.15,33.94,43.56,322384.11,418207.24,3926.8
1950,2019-08-30,BTCUSDT,986.83,134724,124546,9543.65,12606.45,14227.87,149.16,52.18,1417033.38,500478.27,4856.66
1951,2019-08-29,BTCUSDT,982.41,175806,168081,9514.15,17996.43,17536.27,105.48,40.0,1010532.97,387800.0,4480.18
1952,2019-08-28,BTCUSDT,1101.61,180612,200681,9873.67,22679.73,19430.82,90.5,58.93,922943.4,580472.3,5487.02
1953,2019-08-27,BTCUSDT,987.89,147798,145090,10209.07,14550.33,13852.44,100.0,250.0,1020000.0,2565000.0,8700.32
1954,2019-08-26,BTCUSDT,1066.45,208888,196428,10384.48,19020.92,22666.6,106.5,134.86,1118217.61,1392409.34,6303.4
1955,2019-08-25,BTCUSDT,914.39,144806,145150,10127.55,13385.94,12885.72,36.44,60.0,367124.94,603000.0,3732.88
1956,2019-08-24,BTCUSDT,893.8,153263,159964,10147.92,14068.89,13623.56,41.79,34.0,420607.04,351900.0,4085.49
1957,2019-08-23,BTCUSDT,864.98,170082,156784,10284.78,12751.52,14798.82,39.9,27.7,405762.66,287941.5,3502.83
1958,2019-08-22,BTCUSDT,850.99,202479,198669,10039.36,16137.69,17921.95,39.56,56.41,396936.07,562446.62,4070.08
1959,2019-08-21,BTCUSDT,1052.47,223286,235528,10240.77,25789.89,21565.83,102.84,215.02,1026894.88,2274907.22,7133.62
1960,2019-08-20,BTCUSDT,1136.36,154548,150517,10756.82,16281.38,16017.54,47.81,173.32,510320.68,1845843.62,6990.67
1961,2019-08-19,BTCUSDT,1175.69,179339,157683,10701.38,16651.88,20591.44,189.03,134.0,2019812.11,1432460.0,6814.74
1962,2019-08-18,BTCUSDT,935.28,140777,124928,10295.59,11123.92,12961.48,47.54,309.78,494413.58,3210893.59,8908.83
1963,2019-08-17,BTCUSDT,894.77,170929,161866,10227.05,14327.63,14672.95,41.56,137.86,427544.79,1424346.18,4735.35
1964,2019-08-16,BTCUSDT,1044.61,256087,248653,10269.32,25940.11,25818.03,97.34,110.0,992860.23,1127500.0,5290.44
1965,2019-08-15,BTCUSDT,1038.4,186326,187042,10221.64,18586.37,19588.08,62.55,73.13,632336.66,736090.71,5079.25
1966,2019-08-14,BTCUSDT,1062.15,267107,267400,10346.93,28371.22,26080.63,98.0,49.61,993808.2,502520.37,5406.62
1967,2019-08-13,BTCUSDT,1092.24,153255,184579,11045.77,19751.17,13483.56,47.16,193.35,521568.79,2194526.1,7807.34
1968,2019-08-12,BTCUSDT,782.63,134878,121088,11403.1,8367.8,9200.43,94.81,33.8,1085531.1,384300.68,4206.79
1969,2019-08-11,BTCUSDT,995.52,159678,146556,11420.69,11765.47,15007.44,50.0,49.99,575000.0,576578.0,5613.64
1970,2019-08-10,BTCUSDT,1232.9,172810,226427,11521.44,25521.96,17111.13,49.96,349.06,592411.56,3989738.71,10217.22
1971,2019-08-09,BTCUSDT,1136.55,212445,198457,11860.7,19352.73,20074.42,98.35,102.31,1170415.72,1202177.81,6610.86
1972,2019-08-08,BTCUSDT,1276.2,249568,224016,11768.8,23744.06,27463.2,376.99,109.64,4504973.55,1277264.34,10906.93
1973,2019-08-07,BTCUSDT,1373.88,306901,286015,11756.12,32816.16,36357.23,250.0,118.0,3000000.0,1392400.0,8689.75
1974,2019-08-06,BTCUSDT,1444.68,316436,309391,11766.49,39183.27,37522.12,329.8,468.3,3957587.81,5479149.84,12529.57
1975,2019-08-05,BTCUSDT,1217.42,316590,306020,11607.2,31623.6,33530.07,125.0,112.81,1475000.0,1325563.81,7115.3
1976,2019-08-04,BTCUSDT,1220.72,186021,167700,10840.41,17858.38,22066.37,458.7,43.65,5045701.44,462657.08,10272.62
1977,2019-08-03,BTCUSDT,1042.88,176917,171976,10739.85,15669.79,18132.53,200.0,89.23,2160000.0,959172.34,6405.44
1978,2019-08-02,BTCUSDT,1044.05,224430,206892,10456.91,20784.31,22206.14,50.8,143.56,531375.49,1493065.15,5294.3
1979,2019-08-01,BTCUSDT,1116.63,197761,180301,10235.44,19482.72,22244.92,608.26,112.68,6082573.87,1115565.79,11493.28
1980,2019-07-31,BTCUSDT,1069.96,199096,165116,9915.11,18279.74,21235.61,146.0,148.0,1429340.0,1431160.0,6718.97
1981,2019-07-30,BTCUSDT,1094.76,145466,138495,9563.5,15325.36,17211.01,200.0,165.0,1910000.0,1559250.0,8210.98
1982,2019-07-29,BTCUSDT,942.37,156363,138105,9543.88,12946.77,16075.17,70.0,62.62,672000.0,594846.07,4313.0
1983,2019-07-28,BTCUSDT,1026.57,148870,122457,9433.84,12284.59,17116.43,100.0,45.38,950000.0,430650.99,5210.73
1984,2019-07-27,BTCUSDT,1058.58,198821,202597,9658.23,22381.73,21428.05,88.01,49.97,844961.59,506233.18,6107.91
1985,2019-07-26,BTCUSDT,883.89,155735,144200,9783.66,13160.83,14006.63,49.98,49.9,489496.04,491079.11,4436.43
1986,2019-07-25,BTCUSDT,1029.23,183886,184290,9924.97,18565.34,19308.01,169.02,50.0,1685507.92,503037.0,5756.51
1987,2019-07-24,BTCUSDT,994.76,214618,210144,9746.33,21511.61,21963.77,49.94,117.06,484421.4,1154766.0,4489.49
1988,2019-07-23,BTCUSDT,1067.6,227071,221076,10096.94,23542.06,24082.31,49.1,91.51,493910.36,917827.12,5036.66
1989,2019-07-22,BTCUSDT,1080.73,190356,199209,10374.49,21132.54,19335.41,49.31,99.27,507425.93,1022448.8,5569.98
1990,2019-07-21,BTCUSDT,1035.93,200347,195105,10565.12,18488.76,20345.53,93.33,49.94,965832.05,529150.59,5237.48
1991,2019-07-20,BTCUSDT,1095.11,232105,229555,10772.01,22328.28,25003.62,50.0,57.21,542971.22,597186.42,4740.06
1992,2019-07-19,BTCUSDT,1039.1,287362,280373,10414.94,27476.57,29070.36,48.19,49.97,496403.17,517703.3,4310.06
1993,2019-07-18,BTCUSDT,1099.35,382649,352172,10191.69,38179.97,42103.34,39.65,33.38,387020.25,354382.81,4265.66
1994,2019-07-17,BTCUSDT,1068.38,383321,374421,9513.11,41869.56,43073.12,45.15,49.05,417613.51,469441.08,3861.9
1995,2019-07-16,BTCUSDT,1233.25,396550,400096,10031.99,49923.5,47295.94,67.73,52.77,701657.84,527865.77,4984.57
1996,2019-07-15,BTCUSDT,1162.28,371572,360634,10439.22,40208.24,41714.19,83.68,56.96,843506.6,576961.22,4783.91
1997,2019-07-14,BTCUSDT,1198.14,325727,323316,10629.92,36663.89,35853.69,70.13,47.53,753891.66,500218.94,4774.7
1998,2019-07-13,BTCUSDT,1203.3,251186,259119,11224.02,27785.54,26460.06,81.08,89.76,940670.58,1018765.05,5047.86
1999,2019-07-12,BTCUSDT,1208.84,279307,258254,11504.45,26030.74,30291.12,109.02,67.18,1214471.46,772620.16,5250.88
2000,2019-07-11,BTCUSDT,1325.37,379260,380797,11523.85,43792.3,43714.16,130.98,109.74,1486615.68,1256491.67,6460.43
2001,2019-07-10,BTCUSDT,1522.97,429640,469751,12453.18,62281.28,46964.76,49.03,457.65,637350.66,5924226.8,12500.75
2002,2019-07-09,BTCUSDT,1478.16,341034,319239,12386.1,37448.22,40993.91,405.19,361.33,4903012.79,4597917.72,12056.06
2003,2019-07-08,BTCUSDT,1217.92,266242,241618,11969.51,24442.27,27740.1,491.02,57.61,5794000.99,700873.06,9528.23
2004,2019-07-07,BTCUSDT,1198.14,191751,175018,11346.2,16435.49,22449.3,382.08,28.84,4317450.98,322854.77,9042.6
2005,2019-07-06,BTCUSDT,1242.85,232785,237907,11338.44,25867.51,25601.99,43.81,617.91,497650.62,6982383.12,14174.28
2006,2019-07-05,BTCUSDT,1249.61,281570,283287,11098.88,31227.44,32306.91,628.38,476.22,7006485.7,5190751.59,12932.79
2007,2019-07-04,BTCUSDT,1204.94,317865,326002,11611.05,32885.37,33626.85,111.91,34.0,1326184.15,403108.76,4682.1
2008,2019-07-03,BTCUSDT,1347.41,413510,401244,11424.62,47202.28,49613.62,227.12,373.36,2566420.33,4461624.84,9650.13
2009,2019-07-02,BTCUSDT,1296.74,439162,430986,10381.08,54562.54,54998.5,102.69,200.0,1097776.73,2070000.0,6113.62
2010,2019-07-01,BTCUSDT,1283.69,372424,385034,10639.45,46751.28,44210.99,100.0,400.0,1110000.0,4200000.0,7683.23
2011,2019-06-30,BTCUSDT,1365.38,363702,347565,11259.45,41815.09,42697.44,53.55,344.18,646826.64,3987331.86,9110.74
2012,2019-06-29,BTCUSDT,1132.42,360088,371985,11976.44,33580.61,36061.46,64.89,115.0,781944.05,1358150.0,5062.49
2013,2019-06-28,BTCUSDT,1279.43,437844,445272,11926.87,46948.1,48847.11,50.0,84.36,599999.94,940650.09,5614.37
2014,2019-06-27,BTCUSDT,1516.65,648670,708563,11828.85,93452.7,80442.12,132.79,604.31,1573616.09,7553873.9,14968.99
2015,2019-06-26,BTCUSDT,1473.11,680154,674920,12771.44,79884.08,76046.06,60.93,343.78,777105.43,4384901.45,8680.75
2016,2019-06-25,BTCUSDT,1167.24,321170,276628,11419.93,28438.35,32838.34,217.73,50.0,2492990.9,567811.79,6132.87
2017,2019-06-24,BTCUSDT,1066.79,228437,211898,10907.71,20426.63,22674.41,130.0,40.0,1433900.0,444000.0,5281.96
2018,2019-06-23,BTCUSDT,1120.79,283366,274569,10979.83,27315.52,30129.8,65.36,40.0,705858.74,443200.0,5372.62
2019,2019-06-22,BTCUSDT,1204.41,487222,436112,10659.29,48832.82,55336.62,366.26,348.09,3702891.1,3480888.79,9619.94
2020,2019-06-21,BTCUSDT,1043.09,259425,214919,9820.83,22178.68,28305.73,99.95,81.62,1009502.64,799865.53,5572.3
2021,2019-06-20,BTCUSDT,922.89,182314,168348,9427.44,16523.86,18032.19,46.05,49.32,437739.87,458716.31,3509.94
2022,2019-06-19,BTCUSDT,959.33,171254,134948,9173.16,14614.47,17533.23,49.86,70.51,456200.25,642871.73,4981.33
2023,2019-06-18,BTCUSDT,1045.68,242891,206839,9131.92,23497.52,28057.05,115.26,129.43,1065586.84,1164833.92,6101.32
2024,2019-06-17,BTCUSDT,955.44,236083,226077,9210.27,23068.51,24826.98,31.31,32.5,289140.7,299650.0,3439.12
2025,2019-06-16,BTCUSDT,1039.64,289175,263144,9063.99,29485.07,33804.18,293.87,317.0,2650664.69,2859299.42,6945.91
2026,2019-06-15,BTCUSDT,823.07,172021,163819,8747.11,14993.26,16798.38,49.97,40.24,440472.83,352074.55,3396.23
2027,2019-06-14,BTCUSDT,813.21,214310,195762,8484.48,18864.62,20970.62,50.62,49.95,435375.0,424899.81,3116.24
2028,2019-06-13,BTCUSDT,727.97,180335,160911,8179.46,14367.6,16100.16,40.36,47.63,329916.86,388192.98,2860.64
2029,2019-06-12,BTCUSDT,920.75,190773,171207,8038.88,18770.18,22826.9,189.09,90.67,1512755.66,720849.3,6077.27
2030,2019-06-11,BTCUSDT,770.18,159997,149062,7862.38,14541.23,15793.77,52.56,138.58,406811.2,1073966.34,4598.59
2031,2019-06-10,BTCUSDT,741.58,188952,198227,7837.92,16865.21,19890.87,187.73,50.0,1464301.5,393635.49,4121.23
2032,2019-06-09,BTCUSDT,757.26,159931,162244,7689.93,15333.83,16234.63,43.03,56.33,338096.97,433660.91,3720.37
2033,2019-06-08,BTCUSDT,713.72,132732,118132,7896.42,10862.23,11795.1,20.7,38.26,163737.0,302647.6,2352.8
2034,2019-06-07,BTCUSDT,832.96,165492,157604,7939.34,16748.65,17193.58,50.0,68.8,403350.0,543549.51,3964.61
2035,2019-06-06,BTCUSDT,759.54,184997,186488,7699.8,17746.13,18877.99,35.29,47.61,274303.21,364221.89,2859.71
2036,2019-06-05,BTCUSDT,886.22,226504,199616,7730.84,22383.12,26296.53,139.3,406.97,1079609.09,3195502.62,6856.75
2037,2019-06-04,BTCUSDT,901.32,310259,335654,7845.37,37367.35,36776.6,50.44,177.0,400500.0,1416000.0,6139.15
2038,2019-06-03,BTCUSDT,897.75,213067,218185,8349.24,23178.65,22514.32,50.0,169.0,423750.0,1428050.0,5319.05
2039,2019-06-02,BTCUSDT,806.45,148096,151257,8688.25,13249.25,14585.89,50.0,57.5,435050.0,498811.92,4409.33
2040,2019-06-01,BTCUSDT,781.05,178697,169678,8537.48,14945.57,16922.66,44.26,50.0,375296.68,429950.0,3057.26
2041,2019-05-31,BTCUSDT,897.02,217541,198984,8402.4,21335.8,23391.69,140.05,137.44,1144348.14,1141423.32,5028.01
2042,2019-05-30,BTCUSDT,977.28,311271,306070,8586.37,35802.69,34577.31,50.0,111.33,423284.84,968533.35,5009.54
2043,2019-05-29,BTCUSDT,829.07,181029,171288,8600.76,16305.29,17575.58,44.96,77.78,387923.4,661121.6,3770.85
2044,2019-05-28,BTCUSDT,784.23,178323,170800,8674.92,14908.67,16561.88,25.0,29.54,218549.99,258029.28,2835.34
2045,2019-05-27,BTCUSDT,945.44,246192,232581,8748.32,24164.4,27722.37,81.83,50.0,708639.31,444950.5,3881.7
2046,2019-05-26,BTCUSDT,1085.63,194270,183036,8395.95,23213.2,26438.95,144.15,50.0,1153176.34,395748.5,4662.49
2047,2019-05-25,BTCUSDT,859.81,131774,132674,8008.52,13377.16,15037.16,50.0,29.91,396005.5,237538.67,2740.23
2048,2019-05-24,BTCUSDT,866.34,220226,208450,7986.24,21619.05,25045.73,49.02,62.84,388597.51,503310.44,3180.48
2049,2019-05-23,BTCUSDT,849.33,227659,221561,7744.15,23688.32,25959.86,49.64,82.84,379238.75,632073.74,3379.86
2050,2019-05-22,BTCUSDT,833.95,226950,234387,7741.88,24726.03,24410.96,50.0,194.49,398016.57,1478112.33,4209.25
2051,2019-05-21,BTCUSDT,746.59,275451,278587,7909.82,25029.39,27272.36,45.21,76.12,357156.56,608477.86,2993.91
2052,2019-05-20,BTCUSDT,848.58,310631,299729,7858.08,31229.56,34629.65,49.78,50.0,388042.01,387499.0,3446.16
2053,2019-05-19,BTCUSDT,887.39,303675,279757,7849.05,29983.95,35593.49,117.86,55.55,942895.38,438861.57,3962.94
2054,2019-05-18,BTCUSDT,714.54,192540,186964,7290.69,17679.1,19375.85,32.75,46.65,240767.91,340434.8,2856.86
2055,2019-05-17,BTCUSDT,803.19,382347,421546,7310.93,43630.53,45121.47,77.71,59.42,560877.49,415873.07,3271.45
2056,2019-05-16,BTCUSDT,835.85,333486,333052,7937.3,34533.11,35097.4,38.15,72.51,297354.32,572821.81,3181.25
2057,2019-05-15,BTCUSDT,878.18,175018,172515,8089.62,18223.75,19660.58,23.59,73.4,187634.09,588636.18,3318.33
2058,2019-05-14,BTCUSDT,932.38,320446,334980,7983.08,37630.69,38953.03,54.4,100.0,446080.0,823000.0,4208.15
2059,2019-05-13,BTCUSDT,1101.13,305602,282895,7615.37,40423.47,45381.26,367.7,43.83,2684177.98,335632.8,5631.29
2060,2019-05-12,BTCUSDT,957.66,316021,331324,7118.24,44259.39,42689.59,42.14,55.35,304239.64,381909.12,3198.93
2061,2019-05-11,BTCUSDT,901.65,290421,272119,6860.51,33930.43,40092.0,93.33,99.98,653316.51,670796.29,3474.87
2062,2019-05-10,BTCUSDT,818.87,139781,143293,6338.08,18074.68,18548.93,100.0,96.46,620100.0,607379.84,3949.22
2063,2019-05-09,BTCUSDT,735.12,109989,117852,6139.15,13577.83,13875.18,200.0,106.55,1230000.0,644654.02,4252.85
2064,2019-05-08,BTCUSDT,713.45,91887,99082,5924.74,11113.15,11961.04,94.67,54.44,558534.47,319642.69,3151.13
2065,2019-05-07,BTCUSDT,783.63,154528,146860,5874.16,18602.08,21302.98,55.39,23.35,322231.24,136589.3,2900.3
2066,2019-05-06,BTCUSDT,626.47,116127,114304,5723.98,12333.97,12922.63,35.31,45.1,204785.82,256619.0,2559.18
2067,2019-05-05,BTCUSDT,742.61,93314,92051,5770.51,11998.46,11824.09,86.45,25.4,504088.25,146888.2,2847.61
2068,2019-05-04,BTCUSDT,808.57,154153,128992,5772.3,18645.11,21037.3,112.63,114.49,658896.03,660745.59,3901.67
2069,2019-05-03,BTCUSDT,781.67,183717,154581,5698.09,21304.43,24992.74,62.5,38.34,344228.12,221210.86,2769.11
2070,2019-05-02,BTCUSDT,684.45,90802,91094,5466.96,10886.89,11908.9,47.15,77.39,257916.15,425731.58,3152.82
2071,2019-05-01,BTCUSDT,570.91,85859,75629,5367.13,7581.21,9636.27,47.0,34.79,251450.0,186504.51,2392.54
2072,2019-04-30,BTCUSDT,648.16,96325,84664,5284.31,9973.52,12264.55,40.0,72.43,212120.0,383536.07,2761.54
2073,2019-04-29,BTCUSDT,587.33,98107,80365,5249.65,9934.51,9983.62,48.91,47.12,256518.31,248106.8,2237.45
2074,2019-04-28,BTCUSDT,597.17,64455,63275,5302.33,7210.66,7160.77,49.67,102.81,264722.31,544893.87,2598.47
2075,2019-04-27,BTCUSDT,560.96,73169,72564,5298.62,7504.67,7918.23,39.11,40.7,207299.89,215616.39,1994.56
2076,2019-04-26,BTCUSDT,779.33,170955,162228,5328.57,23835.58,25076.72,100.0,101.27,540000.0,541809.41,3055.66
2077,2019-04-25,BTCUSDT,800.67,141138,189951,5271.25,28234.92,21401.17,79.16,68.99,433860.9,372553.47,2939.22
2078,2019-04-24,BTCUSDT,772.95,156552,183047,5443.52,24822.96,23401.19,100.0,100.0,556000.0,550000.0,3087.63
2079,2019-04-23,BTCUSDT,803.91,143840,138723,5475.24,20002.09,21260.01,100.0,43.69,541000.0,240946.41,3023.39
2080,2019-04-22,BTCUSDT,744.59,102864,107497,5321.83,13735.85,15828.0,86.72,98.85,464053.1,516973.37,3387.69
2081,2019-04-21,BTCUSDT,636.26,105773,104721,5245.16,12401.8,13147.77,24.69,100.0,130876.08,520000.0,2538.4
2082,2019-04-20,BTCUSDT,645.17,76331,80749,5285.08,9139.64,10029.27,140.0,45.79,739900.0,240386.0,3198.49
2083,2019-04-19,BTCUSDT,723.77,92389,85759,5251.23,11721.55,12889.68,79.45,45.0,417500.01,235133.55,2834.77
2084,2019-04-18,BTCUSDT,709.55,82708,84402,5248.08,10514.39,12104.85,28.3,20.16,148363.34,105635.43,2198.26
2085,2019-04-17,BTCUSDT,673.98,86675,92815,5193.34,11135.0,12172.53,38.27,36.59,198486.37,190295.46,2450.27
2086,2019-04-16,BTCUSDT,733.2,86663,81887,5125.13,11437.6,12804.63,39.91,39.16,203951.85,203262.45,2544.75
2087,2019-04-15,BTCUSDT,720.62,101885,103059,5047.44,14886.94,14170.25,39.92,38.6,201018.14,194930.0,2632.93
2088,2019-04-14,BTCUSDT,703.07,65427,66273,5094.76,8237.7,10043.91,79.6,39.9,401984.23,199739.4,2915.78
2089,2019-04-13,BTCUSDT,630.08,68098,70576,5049.41,8600.4,8692.05,45.79,20.8,232972.71,105563.12,2078.87
2090,2019-04-12,BTCUSDT,736.55,110553,115483,4996.6,16377.09,16899.59,32.71,47.94,162893.64,242591.41,2390.48
2091,2019-04-11,BTCUSDT,752.05,185427,183877,5092.35,28065.49,26631.11,73.43,38.19,367386.59,190014.75,2376.34
2092,2019-04-10,BTCUSDT,808.03,130680,130287,5288.42,18804.0,21269.62,53.14,91.15,284290.38,469434.79,2849.0
2093,2019-04-09,BTCUSDT,693.16,124270,129111,5155.03,17100.01,16967.01,30.61,32.36,157715.88,167167.71,2027.94
2094,2019-04-08,BTCUSDT,742.49,169870,180958,5193.63,24876.27,25302.17,49.04,118.75,250116.4,613954.05,2502.59
2095,2019-04-07,BTCUSDT,703.86,135016,139068,5143.42,18110.87,19504.61,20.29,40.25,104313.73,205199.49,2029.55
2096,2019-04-06,BTCUSDT,750.13,144572,136665,5059.16,19974.82,21796.02,170.45,58.74,853124.2,290454.15,2964.97
2097,2019-04-05,BTCUSDT,676.05,153918,138457,4971.26,18532.92,21235.64,36.68,55.21,183412.0,275329.89,2122.42
2098,2019-04-04,BTCUSDT,719.12,221364,197777,4906.0,29850.95,31203.31,92.72,82.81,464071.9,406015.91,2472.2
2099,2019-04-03,BTCUSDT,793.19,367146,324873,4975.61,53914.54,55975.58,49.7,41.33,254442.13,201334.52,2348.18
2100,2019-04-02,BTCUSDT,802.81,338582,270551,4641.18,49657.5,55726.14,67.97,49.6,320141.71,215264.0,2741.4
2101,2019-04-01,BTCUSDT,571.93,101675,82593,4123.42,12591.78,12915.29,20.0,109.84,83160.0,453547.06,1972.08
2102,2019-03-31,BTCUSDT,447.19,59429,64617,4100.88,6700.43,6824.66,16.34,16.98,67167.75,69587.06,1236.34
2103,2019-03-30,BTCUSDT,491.52,89916,72547,4099.66,9187.14,10322.15,17.3,27.04,70606.66,110450.14,1364.46
2104,2019-03-29,BTCUSDT,601.42,115856,87970,4083.66,13283.71,16800.51,107.29,44.12,434542.66,178377.3,2376.56
2105,2019-03-28,BTCUSDT,514.59,75680,81380,4023.17,9977.47,10111.83,15.57,50.01,62422.46,200988.15,1450.34
2106,2019-03-27,BTCUSDT,578.14,115498,108811,4007.4,14400.01,17964.55,35.39,49.69,141611.13,200506.73,1737.37
2107,2019-03-26,BTCUSDT,599.37,100406,92012,3933.84,13385.63,15963.91,56.63,44.89,222542.49,175179.58,2089.55
2108,2019-03-25,BTCUSDT,577.45,124062,103677,3941.38,16142.26,17050.63,40.0,88.48,159600.0,349111.95,1829.36
2109,2019-03-24,BTCUSDT,522.74,69438,61649,3982.73,8562.48,8617.37,21.83,22.87,86976.34,91265.72,1472.16
2110,2019-03-23,BTCUSDT,483.18,78879,64276,4000.95,7811.46,9491.14,23.78,88.51,95046.18,353939.98,1660.0
2111,2019-03-22,BTCUSDT,519.59,82339,71364,3987.73,9460.91,10561.69,23.08,76.86,91684.86,306044.06,1728.61
2112,2019-03-21,BTCUSDT,609.96,132066,104034,3976.66,17293.46,18704.22,30.56,32.67,123353.32,131000.84,1898.11
2113,2019-03-20,BTCUSDT,537.15,92606,82430,4024.51,11231.09,12201.21,29.76,99.99,119032.72,399572.21,1873.62
2114,2019-03-19,BTCUSDT,539.4,78271,69123,4005.51,9148.11,10745.63,38.94,22.3,155472.9,88664.13,1605.52
2115,2019-03-18,BTCUSDT,567.07,85257,72619,3992.71,10490.29,11964.19,51.99,26.36,206902.59,105592.95,1930.17
2116,2019-03-17,BTCUSDT,509.65,77835,69118,3981.05,8887.14,9927.12,35.31,61.58,140800.11,244760.76,1757.14
2117,2019-03-16,BTCUSDT,528.35,113017,103181,3994.98,12987.75,15580.63,135.51,30.05,542532.37,120808.51,1984.92
2118,2019-03-15,BTCUSDT,518.23,82133,81733,3911.73,9714.36,12025.71,99.76,17.33,390970.69,67860.67,1748.0
2119,2019-03-14,BTCUSDT,532.28,103918,92733,3869.18,12804.29,14244.46,22.43,24.69,86587.74,95567.51,1589.64
2120,2019-03-13,BTCUSDT,507.47,94185,92387,3866.52,11621.86,12839.15,45.7,32.98,177281.86,128274.21,1498.76
2121,2019-03-12,BTCUSDT,570.82,85956,96929,3871.33,13093.59,13827.42,55.55,84.15,214966.01,325506.38,2128.78
2122,2019-03-11,BTCUSDT,703.72,111767,98149,3879.53,18650.66,19416.22,132.06,76.85,518336.83,301431.0,3490.51
2123,2019-03-10,BTCUSDT,540.1,88452,79468,3913.98,10669.07,12518.5,71.2,87.49,278462.49,340235.38,1926.74
2124,2019-03-09,BTCUSDT,586.62,100902,105967,3923.18,14532.4,16447.35,69.0,72.5,270135.0,284198.55,2260.36
2125,2019-03-08,BTCUSDT,638.2,107967,103567,3865.63,16782.43,17947.93,42.93,59.84,165705.09,233362.28,2122.23
2126,2019-03-07,BTCUSDT,568.28,87342,93178,3873.15,13089.31,13365.95,28.84,43.04,111721.87,165720.8,1922.35
2127,2019-03-06,BTCUSDT,577.93,81423,83678,3860.64,11635.34,13139.77,81.68,26.55,315003.81,102440.42,2158.63
2128,2019-03-05,BTCUSDT,617.19,106689,95755,3812.79,14982.41,17980.13,83.01,39.16,319594.86,148639.07,1992.88
2129,2019-03-04,BTCUSDT,593.46,116384,102231,3738.66,16719.82,18023.02,73.21,36.3,270666.48,134673.0,2128.68
2130,2019-03-03,BTCUSDT,499.62,66319,61362,3808.02,7863.95,8854.22,42.22,37.8,161384.32,144000.09,1598.25
2131,2019-03-02,BTCUSDT,494.98,79262,70592,3811.16,9196.89,10248.95,56.0,27.06,213782.24,103116.99,1528.78
2132,2019-03-01,BTCUSDT,494.0,95926,83934,3831.0,10400.62,12773.95,54.01,59.3,206488.94,227542.94,1682.86
2133,2019-02-28,BTCUSDT,533.27,121262,112587,3821.85,15654.87,16907.09,58.26,43.6,222537.18,166290.4,2035.61
2134,2019-02-27,BTCUSDT,593.0,100878,100748,3778.03,15286.76,16214.24,69.87,43.18,265510.19,164966.1,2080.86
2135,2019-02-26,BTCUSDT,513.95,110646,103251,3809.25,14048.53,14790.21,33.85,88.22,128984.87,338481.87,1783.25
2136,2019-02-25,BTCUSDT,553.01,134751,127965,3813.53,17688.84,20414.13,43.6,39.42,165809.06,150050.91,1864.26
2137,2019-02-24,BTCUSDT,594.64,209320,201258,3891.93,31939.21,30284.98,92.05,65.2,346575.09,272471.45,2429.01
2138,2019-02-23,BTCUSDT,586.38,116609,114954,4070.98,15867.55,17790.4,53.41,50.79,218975.72,205815.29,2253.68
2139,2019-02-22,BTCUSDT,527.54,90448,89140,3958.88,11011.09,12932.08,41.8,21.9,165601.74,86763.2,1824.03
2140,2019-02-21,BTCUSDT,585.55,116010,93561,3951.61,14425.15,16678.73,49.7,36.0,197806.0,144532.37,2024.7
2141,2019-02-20,BTCUSDT,569.89,132045,118131,3942.46,16252.44,19952.7,52.9,59.4,210013.0,234669.17,2126.48
2142,2019-02-19,BTCUSDT,593.15,177092,155189,3919.44,23198.58,27008.6,51.2,37.49,202496.0,146898.93,2070.78
2143,2019-02-18,BTCUSDT,617.25,211022,182493,3826.2,30107.76,33934.97,120.84,151.6,461019.92,586681.46,2788.78
2144,2019-02-17,BTCUSDT,520.45,87814,91697,3657.36,12686.06,13004.16,55.65,50.8,202803.22,183339.82,1923.23
2145,2019-02-16,BTCUSDT,474.55,73726,75667,3621.51,9113.87,10452.12,29.6,33.5,107551.6,121739.0,1555.98
2146,2019-02-15,BTCUSDT,495.44,73427,77829,3609.72,9937.48,10840.4,47.5,27.82,170055.23,100056.92,1676.58
2147,2019-02-14,BTCUSDT,504.9,77036,78179,3595.02,10482.33,11271.18,101.26,56.88,366362.21,204320.17,1962.14
2148,2019-02-13,BTCUSDT,556.69,86707,80983,3623.72,12221.15,13552.85,40.0,53.59,145547.6,193671.46,1718.01
2149,2019-02-12,BTCUSDT,536.53,99203,99793,3627.13,14493.48,14986.12,39.53,25.27,143623.9,91125.16,1741.32
2150,2019-02-11,BTCUSDT,525.6,84936,87690,3643.83,12241.42,12713.19,57.09,38.39,208252.98,139170.36,1916.77
2151,2019-02-10,BTCUSDT,495.01,86528,84571,3658.27,10805.38,12445.22,33.22,46.5,120467.46,169027.5,1681.19
2152,2019-02-09,BTCUSDT,470.78,98226,93983,3656.78,11551.69,13208.14,67.03,51.76,245352.77,189444.4,1711.92
2153,2019-02-08,BTCUSDT,613.61,141994,135248,3588.57,22467.09,25500.97,88.87,81.5,304824.07,280053.56,2565.96
2154,2019-02-07,BTCUSDT,429.2,79014,69195,3404.95,8693.65,9971.89,50.0,40.0,170550.0,136438.86,1637.56
2155,2019-02-06,BTCUSDT,582.06,111819,95205,3422.7,17256.24,18054.01,41.3,137.29,140915.6,466091.92,2708.71
2156,2019-02-05,BTCUSDT,539.85,91992,70074,3466.33,11621.59,13642.82,68.16,47.8,236457.0,165866.0,1757.95
2157,2019-02-04,BTCUSDT,514.01,82942,72744,3460.47,10744.87,12387.11,39.71,26.76,137055.51,92412.38,1621.46
2158,2019-02-03,BTCUSDT,496.43,72698,65894,3465.07,9740.62,10126.72,22.3,22.99,77839.04,80188.83,1490.12
2159,2019-02-02,BTCUSDT,405.48,84438,68796,3490.49,8283.38,9637.42,19.69,33.1,68328.71,114526.0,1409.06
2160,2019-02-01,BTCUSDT,519.79,89724,77796,3450.42,11727.13,13533.34,42.54,40.0,147715.53,139359.65,1818.45
2161,2019-01-31,BTCUSDT,514.53,111619,86481,3447.37,14281.36,15325.83,23.14,40.0,80340.05,137800.0,1672.96
2162,2019-01-30,BTCUSDT,456.37,101826,78994,3441.09,10643.92,13324.34,37.91,22.55,131462.86,77937.73,1473.08
2163,2019-01-29,BTCUSDT,530.15,102056,87594,3401.47,13918.62,15626.31,50.42,30.19,173389.06,102450.17,1950.43
2164,2019-01-28,BTCUSDT,533.97,133014,127785,3457.39,20070.84,20334.27,31.27,44.55,107566.86,156358.33,1816.66
2165,2019-01-27,BTCUSDT,492.77,84563,79292,3538.61,11167.03,11568.57,40.68,69.11,144697.74,245286.53,2058.6
2166,2019-01-26,BTCUSDT,515.94,65661,69708,3591.06,9273.13,10203.4,110.53,48.7,395142.86,173787.89,2286.82
2167,2019-01-25,BTCUSDT,408.28,82984,70429,3558.32,7917.95,9690.4,31.61,41.3,112201.69,147136.38,1433.33
2168,2019-01-24,BTCUSDT,456.57,79200,82959,3562.61,9850.28,10975.97,30.24,32.32,107944.83,115545.37,1534.57
2169,2019-01-23,BTCUSDT,460.45,96763,96129,3558.43,11802.15,13136.69,71.13,19.5,250956.27,69576.0,1647.83
2170,2019-01-22,BTCUSDT,531.01,96482,99002,3538.09,13675.11,15661.33,46.13,36.46,163144.48,128073.97,2218.99
2171,2019-01-21,BTCUSDT,431.01,79088,81737,3520.64,9182.42,10462.02,37.06,26.62,130438.77,93892.91,1303.78
2172,2019-01-20,BTCUSDT,486.81,103574,101367,3569.34,14026.83,13875.11,46.2,45.8,162381.45,163727.93,1858.87
2173,2019-01-19,BTCUSDT,464.74,79185,95869,3659.84,10534.32,11637.26,26.91,50.0,100121.79,184225.5,1717.68
2174,2019-01-18,BTCUSDT,460.11,91813,85754,3593.54,10102.36,12611.08,50.0,24.04,179800.0,86530.04,1788.56
2175,2019-01-17,BTCUSDT,489.95,106201,111596,3593.77,13744.94,16010.5,41.19,41.4,149318.21,148014.96,1677.48
2176,2019-01-16,BTCUSDT,480.14,96830,108329,3593.45,13296.48,14183.7,21.88,27.43,78227.9,97556.02,1506.81
2177,2019-01-15,BTCUSDT,529.97,107638,124046,3572.7,16912.38,17225.62,32.48,44.16,117351.9,160026.37,1702.15
2178,2019-01-14,BTCUSDT,547.53,110767,118685,3588.33,16818.79,18416.42,31.65,33.68,114845.93,118151.65,1888.83
2179,2019-01-13,BTCUSDT,507.24,93578,89535,3509.74,12693.34,13692.42,53.59,50.0,186017.33,174499.3,1804.52
2180,2019-01-12,BTCUSDT,449.16,88280,87399,3577.11,10354.33,11645.6,42.64,36.8,152875.18,131692.48,1483.45
2181,2019-01-11,BTCUSDT,519.1,130854,134142,3574.77,18431.3,19907.35,36.45,32.3,131207.5,115617.85,1736.26
2182,2019-01-10,BTCUSDT,591.82,185570,189190,3707.3,31113.91,28288.32,45.7,72.1,168919.13,260991.47,2381.79
2183,2019-01-09,BTCUSDT,550.65,102463,106777,3967.83,14005.1,14984.34,48.02,85.5,190383.84,338524.42,2118.2
2184,2019-01-08,BTCUSDT,637.22,120389,122509,3975.98,18853.45,20047.98,50.0,48.46,200962.1,194815.09,2440.2
2185,2019-01-07,BTCUSDT,573.32,106881,114338,3971.63,15465.49,16404.35,28.78,48.55,114517.66,194299.9,2049.89
2186,2019-01-06,BTCUSDT,591.27,118170,122326,3918.44,16780.92,19772.89,38.92,49.55,155275.31,188064.52,2137.38
2187,2019-01-05,BTCUSDT,569.02,87673,116000,3787.65,15581.75,14908.91,97.73,36.8,373320.32,139878.59,2447.08
2188,2019-01-04,BTCUSDT,577.61,94716,97516,3773.07,13940.25,15579.3,50.0,23.08,190001.0,87111.08,1906.97
2189,2019-01-03,BTCUSDT,558.81,93539,106273,3786.51,14613.87,14793.08,26.5,30.1,99070.75,114771.3,1843.34
2190,2019-01-02,BTCUSDT,612.6,99843,118695,3830.38,17234.86,17921.6,39.6,45.68,151153.2,172243.78,2074.89
2191,2019-01-01,BTCUSDT,571.56,77031,77196,3749.77,10822.53,12919.16,41.7,22.83,155410.23,84376.31,1676.62
2192,2018-12-31,BTCUSDT,587.72,95043,95265,3714.41,14467.98,15523.8,24.83,46.8,92783.59,172708.06,1753.88
2193,2018-12-30,BTCUSDT,570.81,104377,114552,3787.77,15795.03,17427.34,23.27,41.82,85176.27,155433.11,1742.99
2194,2018-12-29,BTCUSDT,605.3,116317,128527,3752.44,19352.18,19522.19,35.3,36.24,133761.14,138916.58,1828.6
2195,2018-12-28,BTCUSDT,679.73,119810,131230,3755.52,21514.38,24449.92,95.72,34.94,365183.57,133104.97,2250.92
2196,2018-12-27,BTCUSDT,616.28,129259,133474,3638.96,21847.92,22249.47,33.85,36.8,126584.79,130595.83,1849.99
2197,2018-12-26,BTCUSDT,596.48,134913,132833,3757.21,20337.16,22292.22,38.95,42.07,145660.11,157650.49,1726.75
2198,2018-12-25,BTCUSDT,661.05,177002,179375,3804.07,31183.65,31541.98,44.46,36.66,165336.5,139320.54,1950.72
2199,2018-12-24,BTCUSDT,660.91,200267,200136,4045.31,31523.3,33124.51,32.02,32.34,131771.45,131639.68,1954.16
2200,2018-12-23,BTCUSDT,614.34,121572,136845,3940.41,19900.65,20216.88,39.66,37.74,157841.03,147477.74,1794.12
2201,2018-12-22,BTCUSDT,662.6,125425,123723,3904.3,20220.03,22602.32,38.0,26.0,145540.0,100131.33,1774.99
2202,2018-12-21,BTCUSDT,746.93,217517,218670,3900.86,40977.96,41365.89,48.93,46.49,196176.9,186131.39,2129.56
2203,2018-12-20,BTCUSDT,799.13,248511,251995,3938.02,48770.9,52772.93,50.64,42.94,198511.99,173493.66,2393.57
2204,2018-12-19,BTCUSDT,812.48,221163,212863,3727.59,46030.58,48106.76,56.05,100.0,218608.07,390000.0,2804.95
2205,2018-12-18,BTCUSDT,730.57,143017,153416,3585.35,29294.01,32075.6,52.93,50.0,184394.88,175000.0,2251.14
2206,2018-12-17,BTCUSDT,806.01,135284,148531,3436.69,32195.0,34567.21,150.0,100.0,524550.0,343500.0,3110.76
2207,2018-12-16,BTCUSDT,637.66,64564,61001,3236.22,11519.04,13109.77,50.0,54.48,164400.0,175706.59,1880.73
2208,2018-12-15,BTCUSDT,683.72,74324,65482,3214.83,13751.46,16044.58,49.69,39.72,158261.03,127019.26,1954.17
2209,2018-12-14,BTCUSDT,786.35,97179,87346,3245.52,21946.31,22546.67,44.85,44.62,147113.37,147922.92,2369.15
2210,2018-12-13,BTCUSDT,840.13,79699,80772,3339.19,20369.6,19671.32,46.71,41.0,157608.81,140613.19,2583.7
2211,2018-12-12,BTCUSDT,764.32,79011,73056,3429.0,15795.73,18127.2,41.68,40.91,141007.46,137875.72,2349.1
2212,2018-12-11,BTCUSDT,750.87,79575,82691,3394.9,17477.24,18443.63,49.37,75.0,168350.96,255078.75,2432.94
2213,2018-12-10,BTCUSDT,739.92,105008,87591,3471.0,20374.21,20615.04,50.0,39.4,175660.0,135118.18,2390.33
2214,2018-12-09,BTCUSDT,830.66,94570,99997,3532.47,22556.95,23399.95,60.06,51.41,205987.86,184274.91,2650.27
2215,2018-12-08,BTCUSDT,740.82,130791,122859,3375.98,25994.21,29371.74,49.91,109.39,172824.26,373027.51,2330.45
2216,2018-12-07,BTCUSDT,779.56,201190,212331,3395.15,47374.82,47770.64,70.79,76.58,236523.32,262472.09,2607.9
2217,2018-12-06,BTCUSDT,867.84,141749,151763,3636.25,35720.34,32658.46,29.75,100.05,108955.22,381203.84,2780.69
2218,2018-12-05,BTCUSDT,851.23,92882,106129,3828.28,23503.82,20500.98,57.59,77.67,222617.83,303682.79,2581.22
2219,2018-12-04,BTCUSDT,868.03,103550,117265,3939.21,24555.32,23934.24,41.6,64.18,167221.91,253641.72,2638.52
2220,2018-12-03,BTCUSDT,941.69,103322,103812,3963.34,25874.73,23219.63,72.33,64.18,282207.85,256739.7,3107.06
2221,2018-12-02,BTCUSDT,914.82,86432,91655,4192.35,19279.67,19632.49,84.54,36.99,351340.46,153487.8,2735.22
2222,2018-12-01,BTCUSDT,906.0,95163,110309,4151.01,22414.66,22425.41,73.87,53.48,308041.94,213933.01,2885.83
2223,2018-11-30,BTCUSDT,967.76,147400,140698,4108.56,33954.47,33803.98,97.73,80.26,422194.46,319021.11,3457.02
2224,2018-11-29,BTCUSDT,1000.66,154845,161756,4290.62,37017.73,36962.47,98.1,84.37,424295.2,351082.23,3397.2
2225,2018-11-28,BTCUSDT,989.61,183511,203203,4177.86,44663.97,47319.59,112.37,100.0,458818.44,423500.0,3540.23
2226,2018-11-27,BTCUSDT,892.16,151804,136927,3834.78,31158.32,36322.28,58.62,75.68,224693.92,287174.91,2692.83
2227,2018-11-26,BTCUSDT,902.96,204778,208561,3891.86,46272.36,48232.51,60.87,87.49,250304.58,351960.09,2876.0
2228,2018-11-25,BTCUSDT,930.13,227021,201150,4025.33,48481.8,53212.17,200.0,95.12,757000.0,370953.72,3396.27
2229,2018-11-24,BTCUSDT,940.5,138792,136278,4094.71,31450.92,30242.19,94.9,74.04,418548.44,329476.83,3080.42
2230,2018-11-23,BTCUSDT,944.5,118805,109130,4375.85,23546.91,25825.01,55.92,83.59,248518.07,355277.9,3051.48
2231,2018-11-22,BTCUSDT,873.15,87623,92712,4475.59,17426.4,17104.72,45.64,59.9,205386.0,270766.46,2833.71
2232,2018-11-21,BTCUSDT,931.59,157537,144383,4620.71,29533.22,31538.61,51.48,72.03,236291.45,341627.78,3208.53
2233,2018-11-20,BTCUSDT,918.34,328271,268498,4706.34,57364.79,60016.16,64.05,99.64,283743.88,465726.02,3624.11
2234,2018-11-19,BTCUSDT,974.09,216463,162032,5143.01,35748.83,34832.07,92.58,81.32,506693.18,412685.73,3803.42
2235,2018-11-18,BTCUSDT,871.31,76177,78640,5672.39,10974.31,12870.69,46.76,39.08,265149.4,221833.23,2355.17
2236,2018-11-17,BTCUSDT,863.88,91531,79872,5616.77,11748.3,14662.95,38.49,24.34,216255.64,136105.85,1954.29
2237,2018-11-16,BTCUSDT,989.18,116906,104587,5662.69,17857.33,20864.47,76.28,88.66,427583.14,503676.89,3621.87
2238,2018-11-15,BTCUSDT,889.11,169745,134080,5698.79,23276.24,24424.59,184.12,104.6,1041587.07,574778.19,4730.9
2239,2018-11-14,BTCUSDT,876.56,154581,164430,6020.71,26049.42,20429.55,108.32,120.94,676454.65,730598.16,4337.91
2240,2018-11-13,BTCUSDT,504.46,77929,73011,6448.94,5614.1,6176.47,44.6,32.25,288672.16,207782.89,2395.95
2241,2018-11-12,BTCUSDT,531.01,57498,65646,6457.02,4970.15,5162.63,78.76,74.27,507517.51,479660.2,3689.38
2242,2018-11-11,BTCUSDT,535.47,46340,52095,6422.32,4413.81,3799.7,34.03,37.29,216309.01,238908.2,2533.03
2243,2018-11-10,BTCUSDT,508.92,41917,55829,6439.87,4000.69,3714.14,24.0,19.3,154560.0,124056.15,2222.63
2244,2018-11-09,BTCUSDT,649.32,59584,57459,6440.84,5793.85,5993.77,40.26,35.04,258891.46,225563.82,3372.02
2245,2018-11-08,BTCUSDT,594.55,71720,73685,6514.02,6889.26,6370.53,44.44,30.1,290833.16,196735.73,2983.68
2246,2018-11-07,BTCUSDT,621.08,72190,78870,6567.54,7212.5,7059.09,39.27,34.82,257895.28,228908.04,3167.99
2247,2018-11-06,BTCUSDT,513.95,64050,86425,6498.53,6192.24,5734.32,20.99,35.71,136214.88,230847.5,2301.03
2248,2018-11-05,BTCUSDT,508.84,54298,59937,6468.13,4432.36,4555.52,46.46,24.83,301535.14,160026.9,2157.7
2249,2018-11-04,BTCUSDT,540.17,61062,65138,6456.62,4876.14,5716.26,32.28,33.16,207535.71,212410.09,2279.04
2250,2018-11-03,BTCUSDT,583.69,41980,41856,6390.69,4025.37,3635.87,34.35,26.57,219642.24,170692.65,2649.1
2251,2018-11-02,BTCUSDT,571.69,48975,60507,6427.51,4777.81,4961.64,97.47,19.51,627194.82,125512.97,3323.2
2252,2018-11-01,BTCUSDT,647.67,40587,49014,6400.44,4538.3,4560.74,46.78,24.19,297986.25,154508.96,3140.19
2253,2018-10-31,BTCUSDT,690.0,53732,57820,6348.32,6111.14,6037.75,24.79,29.8,157280.5,187470.69,2799.06
2254,2018-10-30,BTCUSDT,592.89,48560,46556,6347.63,4330.04,4547.14,30.62,38.91,194772.06,246728.31,2708.17
2255,2018-10-29,BTCUSDT,652.61,67418,68168,6388.17,7290.8,6536.42,43.28,48.54,274524.41,308952.26,3007.48
2256,2018-10-28,BTCUSDT,520.59,34489,37158,6485.7,3015.42,2728.51,14.69,23.12,95262.95,150340.17,2068.3
2257,2018-10-27,BTCUSDT,583.4,44751,42097,6509.0,3950.68,3826.23,25.6,35.63,166110.34,231989.17,2459.56
2258,2018-10-26,BTCUSDT,792.36,36893,41092,6551.21,4763.46,4680.04,27.67,24.06,180925.56,158526.08,3044.43
2259,2018-10-25,BTCUSDT,895.83,39425,36138,6535.33,4976.54,5366.16,48.91,51.32,318995.5,336379.26,4451.33
2260,2018-10-24,BTCUSDT,868.16,40553,50209,6581.01,6399.92,5551.62,59.91,80.14,393521.47,526722.52,4231.06
2261,2018-10-23,BTCUSDT,1046.38,42837,44101,6554.65,6568.55,7288.05,48.06,77.87,316452.59,510834.53,4618.77
2262,2018-10-22,BTCUSDT,1050.57,50103,51570,6585.16,7812.15,8401.55,71.31,79.53,469521.45,526686.89,4697.41
2263,2018-10-21,BTCUSDT,634.34,32614,35404,6611.34,3162.4,3352.96,34.89,19.7,230198.32,129773.0,2986.37
2264,2018-10-20,BTCUSDT,1140.03,49740,61069,6570.53,8753.71,10487.01,28.39,20.7,187690.37,135588.52,3277.85
2265,2018-10-19,BTCUSDT,1216.75,52347,59990,6566.67,9070.07,11702.53,30.29,40.0,197963.5,262000.0,3944.5
2266,2018-10-18,BTCUSDT,976.63,67458,70544,6660.65,10380.87,9735.65,55.43,94.43,372180.04,635046.54,4459.17
2267,2018-10-17,BTCUSDT,1131.63,72788,85958,6742.67,12888.96,13752.48,100.0,42.29,678100.0,285609.13,4267.27
2268,2018-10-16,BTCUSDT,1063.1,95798,79277,6776.42,13353.95,14204.01,50.0,74.84,343000.0,503815.47,4404.58
2269,2018-10-15,BTCUSDT,1374.41,232504,224409,6918.69,43533.23,47214.8,140.77,95.96,1047324.09,658283.39,5942.57
2270,2018-10-14,BTCUSDT,1035.52,38634,57479,6354.45,8500.04,7127.37,44.58,65.05,284800.48,413129.46,3866.5
2271,2018-10-13,BTCUSDT,1107.8,44288,64693,6321.0,9674.91,9423.16,58.26,43.04,367326.99,272449.31,3595.12
2272,2018-10-12,BTCUSDT,1236.05,67395,80682,6289.0,13113.64,15890.43,36.54,27.94,231647.85,176406.79,3511.96
2273,2018-10-11,BTCUSDT,1216.92,116861,136363,6363.87,24277.15,24435.25,93.62,74.78,592140.07,472627.84,4894.41
2274,2018-10-10,BTCUSDT,1018.25,44378,55411,6606.98,8571.01,6819.65,48.2,30.57,317148.78,202066.22,4018.93
2275,2018-10-09,BTCUSDT,1001.56,45940,56016,6649.66,7747.86,7606.92,34.39,67.4,228734.52,448797.13,3540.32
2276,2018-10-08,BTCUSDT,1137.24,63153,72003,6658.54,10788.5,12334.91,29.23,19.98,194783.43,133640.42,3492.8
2277,2018-10-07,BTCUSDT,1381.98,40829,42015,6593.42,8638.62,8768.21,28.97,29.47,190317.51,193769.92,4044.66
2278,2018-10-06,BTCUSDT,1164.07,28446,33619,6604.01,5726.64,5212.87,28.76,21.86,189345.92,143958.82,3508.24
2279,2018-10-05,BTCUSDT,1225.64,42787,43914,6625.24,7502.8,8593.75,78.79,48.33,518853.08,320480.33,4234.86
2280,2018-10-04,BTCUSDT,1366.9,47772,49052,6580.78,8996.45,11077.85,72.23,29.25,478359.03,193309.39,4363.74
2281,2018-10-03,BTCUSDT,1225.86,72455,78152,6496.33,13155.26,15296.71,82.45,30.79,531967.54,198666.73,4029.77
2282,2018-10-02,BTCUSDT,1261.09,73420,73854,6553.26,13129.99,15115.82,70.98,103.51,466796.27,685022.82,4749.13
2283,2018-10-01,BTCUSDT,1049.2,67265,62468,6596.23,9557.7,11063.81,67.92,80.22,451668.0,526256.86,4455.6
2284,2018-09-30,BTCUSDT,1195.46,77439,76008,6607.19,12563.72,15201.0,46.42,100.0,308069.0,664000.0,4436.81
2285,2018-09-29,BTCUSDT,1160.19,85644,85383,6565.65,14218.93,16037.03,76.5,72.19,501857.63,468174.32,4404.09
2286,2018-09-28,BTCUSDT,1336.54,107662,104187,6663.42,18710.94,23688.51,134.56,100.0,902912.85,659200.0,5953.69
2287,2018-09-27,BTCUSDT,1187.99,92850,89740,6624.38,14691.64,18395.79,35.79,46.49,231982.92,309126.34,3973.24
2288,2018-09-26,BTCUSDT,1177.06,92156,92082,6467.6,14651.4,18833.14,48.3,98.39,308705.38,634290.15,4431.31
2289,2018-09-25,BTCUSDT,1177.13,107782,112183,6452.19,18984.96,21316.07,78.08,109.95,505191.87,703702.8,4681.01
2290,2018-09-24,BTCUSDT,1264.76,94598,90699,6622.8,16643.29,18662.45,54.15,58.02,358874.76,382340.58,4218.93
2291,2018-09-23,BTCUSDT,1208.64,83394,84960,6719.33,13233.59,17052.64,39.78,54.57,266572.42,368928.38,3759.78
2292,2018-09-22,BTCUSDT,1353.35,79113,66607,6729.69,12794.73,16554.96,113.79,141.93,757177.96,948365.08,6261.82
2293,2018-09-21,BTCUSDT,1182.07,156088,136406,6678.29,23380.92,28398.42,51.43,96.45,345164.71,626953.56,4287.95
2294,2018-09-20,BTCUSDT,1053.08,78209,75477,6452.33,11623.53,13565.5,36.44,79.11,233440.71,513021.72,4056.27
2295,2018-09-19,BTCUSDT,1248.42,104022,94193,6344.2,17845.55,21198.53,125.66,60.78,801412.57,395063.68,4538.65
2296,2018-09-18,BTCUSDT,1216.98,84372,84683,6317.14,14486.17,18134.7,60.49,92.91,379755.57,588310.53,4019.56
2297,2018-09-17,BTCUSDT,1162.74,95535,101389,6327.84,17854.79,18132.46,145.07,77.7,938588.8,501192.85,4927.04
2298,2018-09-16,BTCUSDT,1224.05,76062,69859,6466.54,12290.77,15277.36,172.06,92.3,1117520.58,597180.35,6263.24
2299,2018-09-15,BTCUSDT,1164.09,69264,72098,6515.51,11612.33,13631.33,54.5,50.68,355404.33,332213.22,3637.23
2300,2018-09-14,BTCUSDT,1217.22,100097,98278,6482.41,17247.25,19926.09,51.9,31.07,337075.56,201675.32,3725.79
2301,2018-09-13,BTCUSDT,1210.3,111546,104091,6453.26,18779.76,21685.3,29.2,191.39,189943.87,1241182.35,4977.57
2302,2018-09-12,BTCUSDT,1192.09,86079,79511,6297.0,14221.65,17212.0,52.71,34.07,333352.91,211209.68,3681.06
2303,2018-09-11,BTCUSDT,1201.99,89563,83772,6289.53,14686.91,18417.97,33.38,32.88,210231.55,208277.23,3517.71
2304,2018-09-10,BTCUSDT,1235.3,87954,77332,6302.33,13984.76,18454.7,47.56,56.84,297088.99,357427.71,3923.67
2305,2018-09-09,BTCUSDT,1321.85,92695,84014,6277.78,16249.14,20804.78,54.54,36.56,335870.41,233978.96,3990.03
2306,2018-09-08,BTCUSDT,1336.67,93226,87605,6258.02,18599.95,19615.08,58.94,164.76,363588.0,1061910.41,4671.57
2307,2018-09-07,BTCUSDT,1289.35,99030,95421,6419.85,17443.25,21463.04,49.81,48.53,320690.76,315222.66,3748.58
2308,2018-09-06,BTCUSDT,1390.06,140025,140820,6502.0,28311.91,32332.55,130.09,50.0,826069.58,321750.0,4951.46
2309,2018-09-05,BTCUSDT,1455.46,150264,158549,6926.43,32183.68,31531.58,48.24,60.2,335266.7,431305.93,4616.98
2310,2018-09-04,BTCUSDT,1413.81,99388,83790,7332.08,15317.46,19983.18,54.0,48.39,393930.0,356633.75,4423.76
2311,2018-09-03,BTCUSDT,1354.04,85806,88040,7264.31,15481.14,16914.88,37.73,54.43,272770.78,397088.3,4208.1
2312,2018-09-02,BTCUSDT,1372.09,110293,99989,7258.15,17392.32,22422.52,60.85,82.3,440236.9,599759.19,4775.17
2313,2018-09-01,BTCUSDT,1322.22,111618,105668,7161.25,17770.7,22552.72,41.54,103.47,296998.05,734955.12,5419.36
2314,2018-08-31,BTCUSDT,1391.75,100920,102222,6996.07,18798.99,21668.41,143.32,98.51,987332.88,687249.32,5374.78
2315,2018-08-30,BTCUSDT,1340.09,126247,104601,6944.43,20263.73,24453.04,53.74,44.74,365729.44,313907.58,4213.74
2316,2018-08-29,BTCUSDT,1361.05,117971,105801,7025.79,19536.28,23716.2,79.24,50.2,549134.89,353500.5,4265.19
2317,2018-08-28,BTCUSDT,1341.97,130456,121577,7023.7,21857.33,26495.59,83.46,79.69,590884.06,560618.65,4990.96
2318,2018-08-27,BTCUSDT,1237.41,106839,98602,6831.88,16288.98,21458.1,81.28,88.02,544364.02,592488.2,4665.75
2319,2018-08-26,BTCUSDT,1025.61,63090,67679,6681.09,10210.05,9897.25,129.57,69.3,855193.02,458402.3,4737.02
2320,2018-08-25,BTCUSDT,1053.89,60971,61512,6724.42,9390.66,9829.85,105.47,64.09,703612.96,429911.26,5100.96
2321,2018-08-24,BTCUSDT,1396.0,88511,91656,6615.71,17024.74,21280.94,49.96,82.38,325164.96,536366.84,5043.27
2322,2018-08-23,BTCUSDT,1384.52,89659,97978,6481.43,18223.56,22134.6,69.42,84.66,446579.18,540980.78,4492.5
2323,2018-08-22,BTCUSDT,1569.38,161082,165480,6498.21,37478.39,40431.0,78.24,93.82,524923.14,633248.98,5695.3
2324,2018-08-21,BTCUSDT,1470.05,88220,92358,6405.03,18350.12,23219.82,65.26,49.44,420290.89,311887.3,4826.51
2325,2018-08-20,BTCUSDT,1339.85,114159,122896,6334.95,22967.54,26468.02,70.01,92.53,442705.86,601008.98,4254.13
2326,2018-08-19,BTCUSDT,1516.43,98469,92289,6439.51,19822.23,25368.61,80.77,106.61,515463.57,687659.51,4647.67
2327,2018-08-18,BTCUSDT,1252.94,142065,134056,6431.99,24272.51,29469.81,94.95,62.79,613374.07,406867.85,4216.94
2328,2018-08-17,BTCUSDT,1262.0,151162,145568,6484.96,25443.73,32407.88,65.46,107.22,426785.38,697784.35,4281.55
2329,2018-08-16,BTCUSDT,1344.25,112613,116329,6332.45,22491.71,26023.55,110.96,77.28,711444.26,489568.39,4927.42
2330,2018-08-15,BTCUSDT,1333.0,158013,171400,6349.42,31662.64,37144.04,92.73,105.31,593616.0,663231.15,5083.48
2331,2018-08-14,BTCUSDT,1203.07,122695,129309,6106.14,24656.09,25530.65,96.82,72.97,587354.49,438586.96,4755.9
2332,2018-08-13,BTCUSDT,1425.5,123765,115837,6312.13,24378.55,29517.28,121.68,90.64,776275.59,565570.51,5318.01
2333,2018-08-12,BTCUSDT,1277.46,96376,94023,6303.54,17613.02,20954.75,43.35,140.87,275258.05,892520.42,4591.85
2334,2018-08-11,BTCUSDT,1232.39,122409,113764,6230.45,21049.45,26083.97,98.0,105.11,599028.92,638985.07,4922.35
2335,2018-08-10,BTCUSDT,1293.58,146264,143397,6248.76,28000.44,31034.53,82.68,91.59,528746.91,559031.47,4888.36
2336,2018-08-09,BTCUSDT,1339.17,120905,127668,6443.73,23650.34,28290.85,58.7,87.85,376534.87,568910.5,4586.96
2337,2018-08-08,BTCUSDT,1251.5,159535,146068,6376.51,29346.05,30204.48,77.44,74.1,483262.1,484613.68,4584.93
2338,2018-08-07,BTCUSDT,1279.79,127899,119303,6846.84,21425.78,24012.7,35.73,100.0,252955.44,677000.0,4418.6
2339,2018-08-06,BTCUSDT,1291.43,93329,84049,6971.94,15274.04,17486.15,127.42,88.47,883018.41,628147.86,5192.07
2340,2018-08-05,BTCUSDT,1547.13,77386,71272,6998.78,14558.89,18335.96,119.14,116.35,837552.46,814419.2,5984.55
2341,2018-08-04,BTCUSDT,1315.79,105360,93975,7143.55,18517.87,17770.56,75.0,57.75,541727.25,428416.75,5435.67
2342,2018-08-03,BTCUSDT,1458.14,113033,113694,7413.74,21272.44,23397.04,52.0,57.44,381784.0,428603.34,4558.07
2343,2018-08-02,BTCUSDT,1626.5,89961,85666,7563.63,16448.86,21216.84,68.99,57.03,518585.05,431582.93,5259.17
2344,2018-08-01,BTCUSDT,1549.23,106312,101696,7594.86,20422.53,22159.79,82.92,69.18,623967.9,522047.51,5576.57
2345,2018-07-31,BTCUSDT,1588.42,122422,116710,7847.98,24023.73,24273.18,73.38,179.97,593513.1,1406763.76,7008.95
2346,2018-07-30,BTCUSDT,1554.29,111758,95153,8104.31,19016.32,20676.1,63.78,59.52,505758.15,477218.35,5816.08
2347,2018-07-29,BTCUSDT,1451.97,74302,70029,8206.84,11304.53,14226.7,46.54,53.13,378139.41,433552.73,4675.97
2348,2018-07-28,BTCUSDT,1486.84,71713,72457,8179.53,12238.47,13976.71,96.34,40.64,787781.16,329544.37,5367.58
2349,2018-07-27,BTCUSDT,1543.04,111806,115591,8092.86,20502.07,23168.94,112.95,89.97,918285.75,740033.22,5797.78
2350,2018-07-26,BTCUSDT,1493.97,116034,119647,8028.58,20856.49,22366.99,52.92,56.19,429154.14,449313.95,5195.72
2351,2018-07-25,BTCUSDT,1432.42,131647,146288,8239.14,22809.84,25447.81,88.69,93.83,719471.95,776248.08,5148.08
2352,2018-07-24,BTCUSDT,1492.72,181245,145084,8193.08,27140.66,32980.51,73.7,66.98,576302.22,524821.11,5751.27
2353,2018-07-23,BTCUSDT,1456.74,123293,96483,7643.0,18889.9,22756.45,39.81,103.52,303806.96,789683.56,5347.75
2354,2018-07-22,BTCUSDT,1559.1,76561,68150,7437.56,13183.46,17086.76,50.0,33.04,372500.0,244532.13,4886.59
2355,2018-07-21,BTCUSDT,1286.39,90493,74408,7356.08,12459.11,16427.38,30.84,44.73,222812.74,329550.03,4232.74
2356,2018-07-20,BTCUSDT,1363.86,141980,109411,7436.84,22133.73,24006.58,168.66,121.2,1242190.33,903572.09,6391.4
2357,2018-07-19,BTCUSDT,1295.43,130517,105080,7437.5,18535.3,22682.96,85.19,74.14,627213.02,561239.04,5599.46
2358,2018-07-18,BTCUSDT,1343.71,170531,157418,7398.45,28291.26,31196.38,91.62,90.95,678490.95,671514.12,5298.03
2359,2018-07-17,BTCUSDT,1320.41,140585,135593,7146.16,24056.31,28049.12,105.96,79.75,772475.37,539683.69,5115.51
2360,2018-07-16,BTCUSDT,1175.34,105329,96404,6600.35,16055.24,20149.63,89.32,107.29,565474.16,713507.29,5164.18
2361,2018-07-15,BTCUSDT,1264.47,63254,51743,6324.47,9388.97,13590.24,27.29,79.41,171966.19,502775.09,4062.75
2362,2018-07-14,BTCUSDT,1026.91,61090,46962,6255.0,7949.76,9833.31,89.37,68.65,559164.82,430843.13,4117.06
2363,2018-07-13,BTCUSDT,1136.17,76714,68043,6224.86,13184.17,13191.16,156.88,89.73,977984.81,559576.66,5931.53
2364,2018-07-12,BTCUSDT,1287.05,80051,70934,6233.62,15238.9,16067.77,57.86,74.72,357397.51,462498.24,4928.29
2365,2018-07-11,BTCUSDT,1200.76,77772,74097,6354.35,13047.59,15667.91,82.23,31.77,522979.62,202853.12,4537.08
2366,2018-07-10,BTCUSDT,1311.65,95465,94448,6413.64,19299.54,19261.14,102.31,82.07,676871.01,521619.08,5857.42
2367,2018-07-09,BTCUSDT,1216.78,80143,67172,6692.14,12348.27,14384.14,85.9,44.33,574644.21,298318.0,4589.94
2368,2018-07-08,BTCUSDT,1141.68,71217,74132,6719.85,11476.32,13146.63,30.03,27.34,200779.37,182332.8,3554.58
2369,2018-07-07,BTCUSDT,1086.53,74917,70532,6694.67,11079.05,12894.82,59.72,30.96,391458.6,209499.85,3480.94
2370,2018-07-06,BTCUSDT,991.63,108339,85515,6561.11,13104.15,16292.95,86.85,112.28,568453.54,732319.01,4265.33
2371,2018-07-05,BTCUSDT,1065.93,114516,102017,6564.84,15857.19,19214.78,97.02,42.77,641640.61,280826.55,4169.18
2372,2018-07-04,BTCUSDT,1068.91,73577,72626,6604.34,11327.82,12244.07,48.97,33.85,327279.55,222578.43,3909.29
2373,2018-07-03,BTCUSDT,1092.89,125475,107439,6552.07,18154.16,20503.63,116.47,80.52,762853.72,532421.0,4858.86
2374,2018-07-02,BTCUSDT,970.88,118191,124398,6523.97,17263.54,18966.91,40.71,92.15,255917.6,606480.09,4032.16
2375,2018-07-01,BTCUSDT,956.5,92341,90719,6349.62,11982.93,15580.03,49.6,63.89,315566.06,407687.22,3309.74
2376,2018-06-30,BTCUSDT,1046.14,111242,119673,6368.36,17883.59,20036.03,57.18,49.88,364219.27,323002.27,3881.02
2377,2018-06-29,BTCUSDT,947.62,109498,103044,6092.64,15184.1,18727.19,46.1,69.11,271580.67,413988.18,3487.68
2378,2018-06-28,BTCUSDT,1185.65,80285,75956,5951.33,14162.89,16422.38,57.46,55.51,341249.32,330828.99,3987.59
2379,2018-06-27,BTCUSDT,1177.14,55624,43857,6098.39,8844.66,10381.01,47.01,28.59,284899.39,173918.15,4155.66
2380,2018-06-26,BTCUSDT,1055.06,58109,55322,6126.11,9552.58,9824.66,62.62,48.4,389080.34,298358.27,3985.85
2381,2018-06-25,BTCUSDT,1112.08,117762,100622,6221.32,17178.46,21986.06,86.11,68.95,528800.93,421254.87,4381.93
2382,2018-06-24,BTCUSDT,1029.35,143055,132941,6048.92,21479.58,25966.42,102.49,49.17,614911.12,290612.92,4243.92
2383,2018-06-23,BTCUSDT,956.46,83933,86231,6139.49,11512.05,15110.74,28.11,43.58,173011.09,267257.1,3296.92
2384,2018-06-22,BTCUSDT,1089.66,145597,154918,6232.64,26820.65,25336.72,58.91,70.06,354664.18,430066.34,4066.35
2385,2018-06-21,BTCUSDT,1071.14,85096,74687,6728.8,10276.36,15152.5,36.09,41.2,243241.51,276153.67,3779.31
2386,2018-06-20,BTCUSDT,1059.38,85587,80487,6710.18,12711.82,13647.93,72.17,44.44,474886.4,294314.29,4108.83
2387,2018-06-19,BTCUSDT,1018.26,79228,81262,6745.32,11461.68,12849.74,41.52,85.77,279221.0,572872.33,3942.51
2388,2018-06-18,BTCUSDT,1153.77,91285,89488,6628.95,14146.84,17674.59,84.27,86.79,569347.39,561504.0,5148.06
2389,2018-06-17,BTCUSDT,995.08,64554,65205,6486.88,8638.59,11208.66,57.8,33.94,376249.88,221238.59,3684.6
2390,2018-06-16,BTCUSDT,1023.42,75858,64612,6454.95,9526.61,12750.64,105.47,80.86,679665.94,521929.4,5092.6
2391,2018-06-15,BTCUSDT,1060.85,94996,89942,6472.62,13825.88,16192.45,72.68,53.36,464439.49,350636.63,4739.63
2392,2018-06-14,BTCUSDT,1127.51,129178,127206,6538.66,20639.91,23838.22,61.22,72.82,396571.34,464121.29,4525.54
2393,2018-06-13,BTCUSDT,1108.36,143312,123205,6346.35,20818.27,25367.24,102.19,81.35,638665.78,523164.2,5149.36
2394,2018-06-12,BTCUSDT,1094.05,116346,108312,6618.5,17422.48,19299.74,57.75,77.43,381281.31,504039.61,4558.42
2395,2018-06-11,BTCUSDT,1145.57,106691,96751,6801.33,15835.5,18716.67,74.95,131.7,497698.88,888999.58,5241.15
2396,2018-06-10,BTCUSDT,779.77,304001,167087,6902.56,26365.77,25976.25,90.43,62.5,665388.03,465049.14,4169.46
2397,2018-06-09,BTCUSDT,527.55,213788,65183,7541.9,8686.42,10653.46,88.22,37.74,666489.97,285337.12,3472.41
2398,2018-06-08,BTCUSDT,553.89,252684,69050,7612.65,10357.85,13038.96,58.77,56.41,442950.05,430978.61,3404.49
2399,2018-06-07,BTCUSDT,790.17,171546,72640,7692.03,10646.67,14415.56,98.05,47.65,755699.68,368566.32,4371.51
2400,2018-06-06,BTCUSDT,803.68,166853,90720,7608.3,12158.4,15071.59,92.47,44.71,697998.48,340582.93,3954.92
2401,2018-06-05,BTCUSDT,1003.62,137483,99382,7554.16,14407.28,17315.69,65.47,95.1,488429.39,729926.48,5347.71
2402,2018-06-04,BTCUSDT,795.32,211062,95941,7564.67,14528.5,17730.34,117.76,60.56,877288.54,456900.85,3966.9
2403,2018-06-03,BTCUSDT,605.59,256165,93471,7700.32,11744.25,15760.91,55.6,53.87,426419.13,418761.31,3409.93
2404,2018-06-02,BTCUSDT,700.96,195869,94262,7591.45,11180.64,15540.05,35.3,47.4,270292.74,364478.68,3219.31
2405,2018-06-01,BTCUSDT,697.72,210587,92482,7495.03,12557.92,15701.21,51.33,47.49,379875.3,359375.65,3398.63
2406,2018-05-31,BTCUSDT,841.9,177090,97309,7503.84,13767.05,17009.01,58.25,54.52,442694.42,408866.43,3752.06
2407,2018-05-30,BTCUSDT,982.97,158658,83421,7401.82,14835.63,17205.95,42.9,34.16,323474.36,256177.09,4016.67
2408,2018-05-29,BTCUSDT,1213.65,141588,95771,7344.75,17551.28,21855.93,86.77,66.06,646411.95,482205.58,5174.96
2409,2018-05-28,BTCUSDT,843.17,155964,77428,7198.01,12809.95,14409.49,41.9,135.53,307947.09,979903.58,4366.86
2410,2018-05-27,BTCUSDT,689.27,139374,58967,7323.37,8448.67,10258.28,64.88,32.65,472036.31,238000.84,3225.15
2411,2018-05-26,BTCUSDT,685.85,145755,66589,7417.99,9086.13,10377.96,76.1,62.08,564663.37,461446.53,3608.02
2412,2018-05-25,BTCUSDT,835.68,148710,90315,7471.57,12909.09,13830.87,106.44,69.07,790337.85,507663.78,4830.67
2413,2018-05-24,BTCUSDT,1120.59,138848,114846,7524.24,18832.47,19012.98,92.74,125.13,678878.01,919470.09,5526.5
2414,2018-05-23,BTCUSDT,1079.61,164031,142781,7652.95,22019.78,20890.89,311.91,62.08,2446642.84,473562.18,6264.62
2415,2018-05-22,BTCUSDT,1011.35,111348,80806,8104.13,11909.38,11801.53,91.61,45.88,749369.99,366885.79,4744.51
2416,2018-05-21,BTCUSDT,986.93,96008,88150,8427.18,10777.91,10738.69,46.95,32.13,400225.44,274563.04,4113.08
2417,2018-05-20,BTCUSDT,1038.29,80303,80962,8433.29,9324.61,10632.45,57.24,60.92,485174.43,519013.08,4507.34
2418,2018-05-19,BTCUSDT,1057.34,68461,65724,8240.01,8461.48,8731.95,32.01,92.86,263462.08,768445.82,5171.14
2419,2018-05-18,BTCUSDT,1032.39,93716,90197,8141.64,11123.2,12352.96,33.75,49.68,276853.74,397656.99,4053.71
2420,2018-05-17,BTCUSDT,674.08,175836,134944,8161.49,12950.58,12489.26,55.93,38.81,467591.17,322953.95,3761.96
2421,2018-05-16,BTCUSDT,854.46,158253,142589,8300.34,15503.62,15627.1,38.11,48.47,310632.36,408199.72,4213.66
2422,2018-05-15,BTCUSDT,672.46,192450,167929,8574.43,14149.46,13977.5,107.63,79.61,914374.22,679844.2,4676.41
2423,2018-05-14,BTCUSDT,1095.15,149817,142914,8606.78,18981.61,18408.06,40.93,107.47,351499.35,913519.03,5082.99
2424,2018-05-13,BTCUSDT,1017.93,106418,109172,8580.36,12835.82,12797.05,50.47,71.02,434581.14,617852.93,4471.85
2425,2018-05-12,BTCUSDT,1088.93,151814,158491,8421.94,20695.35,19545.97,113.02,131.38,936921.12,1116107.82,5520.19
2426,2018-05-11,BTCUSDT,1145.87,190332,175206,8585.93,25459.59,22767.46,104.38,49.24,897034.98,430178.43,5167.88
2427,2018-05-10,BTCUSDT,1047.59,118105,102970,9122.44,12506.93,12548.14,43.06,33.26,390113.69,310969.23,4257.31
2428,2018-05-09,BTCUSDT,1225.64,100957,91380,9221.67,12076.26,13597.27,53.18,24.81,480045.82,225243.83,4943.38
2429,2018-05-08,BTCUSDT,1249.84,96290,92869,9241.27,12447.28,13086.55,36.85,32.48,335889.9,295415.21,4832.84
2430,2018-05-07,BTCUSDT,1369.49,114709,116045,9411.89,17969.59,15818.05,87.61,100.96,817374.23,944048.49,6877.54
2431,2018-05-06,BTCUSDT,1165.94,117998,111311,9682.01,14392.84,13297.51,55.17,101.09,532087.9,988618.03,5381.95
2432,2018-05-05,BTCUSDT,1163.77,117188,94888,9855.33,11978.17,13011.84,37.77,61.07,371136.43,607643.71,5412.53
2433,2018-05-04,BTCUSDT,1320.71,112070,98095,9688.29,13902.09,14779.5,59.13,51.17,567613.2,501500.3,5579.95
2434,2018-05-03,BTCUSDT,1295.3,153490,129091,9587.47,17675.25,21093.14,78.47,41.32,759942.56,404556.23,5424.79
2435,2018-05-02,BTCUSDT,1266.46,97022,91236,9162.01,12163.09,13960.46,44.93,70.55,410909.59,641635.69,5621.75
2436,2018-05-01,BTCUSDT,1371.91,135933,132808,9040.32,20968.3,20050.17,82.67,59.45,744040.47,531428.43,6343.97
2437,2018-04-30,BTCUSDT,1136.63,146125,139826,9276.55,17540.84,17461.19,103.59,50.29,948897.12,470801.83,5806.78
2438,2018-04-29,BTCUSDT,1146.11,158810,152684,9384.42,18784.9,19364.95,37.55,134.46,355253.92,1250891.43,5131.27
2439,2018-04-28,BTCUSDT,1250.17,132739,124549,9215.16,16508.0,18251.63,59.67,43.12,554893.65,399339.8,5042.9
2440,2018-04-27,BTCUSDT,1276.88,135059,133412,9066.45,18723.74,18517.6,110.26,43.86,1011371.3,405275.46,5366.53
2441,2018-04-26,BTCUSDT,1347.02,143975,141875,9075.03,20659.64,22640.67,54.56,48.04,486629.39,426209.4,5312.33
2442,2018-04-25,BTCUSDT,1560.95,240232,237131,9137.5,42286.02,38824.01,55.21,91.95,522047.33,817207.73,6207.93
2443,2018-04-24,BTCUSDT,1320.27,171599,155009,9424.33,21484.08,24784.71,44.66,51.72,433234.48,480184.63,4893.22
2444,2018-04-23,BTCUSDT,1203.26,89830,101114,8888.0,12591.51,13246.61,39.77,33.17,353466.04,295699.08,4460.21
2445,2018-04-22,BTCUSDT,1138.92,117777,112094,8845.12,14520.35,14937.9,34.63,44.31,303735.43,393817.68,4191.65
2446,2018-04-21,BTCUSDT,1215.12,157675,137699,8838.44,19726.39,21145.84,37.39,48.09,327198.65,425078.09,4293.92
2447,2018-04-20,BTCUSDT,1164.32,157161,132526,8654.69,18707.43,21087.9,30.75,70.64,260885.13,601135.02,4248.92
2448,2018-04-19,BTCUSDT,1131.36,100908,95913,8218.0,13366.25,13747.6,35.81,30.91,295096.76,255675.41,4150.95
2449,2018-04-18,BTCUSDT,1186.28,96253,87219,8092.48,12409.89,14559.15,25.02,34.11,204927.53,276696.56,3828.4
2450,2018-04-17,BTCUSDT,1167.22,110846,110382,7961.37,16489.81,15662.8,68.28,64.37,539410.44,523004.34,4192.36
2451,2018-04-16,BTCUSDT,1304.61,112567,114181,8116.97,18751.13,17912.94,26.71,50.0,211562.0,405000.0,4260.01
2452,2018-04-15,BTCUSDT,1266.86,95727,86051,8261.19,13327.26,14619.46,21.63,18.59,179714.53,155255.89,3954.5
2453,2018-04-14,BTCUSDT,1300.1,100061,94439,7998.34,15337.82,16283.47,53.07,51.11,424549.7,408486.99,4549.48
2454,2018-04-13,BTCUSDT,1250.01,183289,168616,7947.6,27559.44,27485.08,37.5,37.51,292275.59,303276.58,4472.18
2455,2018-04-12,BTCUSDT,1199.19,209975,194613,7562.62,31662.73,33198.87,76.38,36.66,568279.19,280060.79,4055.12
2456,2018-04-11,BTCUSDT,1062.06,79164,76443,6910.26,11467.21,12530.66,26.33,37.22,179546.61,253140.06,3609.9
2457,2018-04-10,BTCUSDT,1024.79,71755,76000,6796.63,10870.28,11456.45,30.43,33.3,205690.85,228098.46,3306.51
2458,2018-04-09,BTCUSDT,1101.76,108672,103997,6859.57,17031.87,17046.43,30.09,41.81,215755.43,276774.96,3755.54
2459,2018-04-08,BTCUSDT,983.64,79428,73033,7002.38,10216.06,11211.62,19.81,18.67,139179.89,131606.79,3261.13
2460,2018-04-07,BTCUSDT,1244.97,89266,89311,6850.69,15808.84,16460.74,53.3,73.91,365656.4,517367.63,4460.04
2461,2018-04-06,BTCUSDT,1121.16,84806,77650,6650.46,13676.95,13778.06,75.06,39.45,490897.62,258240.04,4005.13
2462,2018-04-05,BTCUSDT,1104.71,119073,119403,6746.48,20038.63,18991.1,31.67,58.08,215579.23,396679.7,3802.12
2463,2018-04-04,BTCUSDT,1072.84,143102,134147,6976.87,21927.78,20299.4,61.95,35.9,434168.21,262100.32,3948.51
2464,2018-04-03,BTCUSDT,1116.61,122602,125541,7312.07,18568.48,19218.85,31.11,38.12,227129.25,284643.67,3841.78
2465,2018-04-02,BTCUSDT,1084.83,102733,104047,6982.0,15757.88,16365.68,51.47,28.31,355155.05,200715.81,3785.67
2466,2018-04-01,BTCUSDT,1139.99,132837,128105,6764.33,22172.13,21899.3,76.12,58.93,509073.39,395541.33,4181.01
2467,2018-03-31,BTCUSDT,1075.11,124170,116123,6974.76,17782.51,19086.03,37.59,24.62,266215.84,167334.85,3524.47
2468,2018-03-30,BTCUSDT,1125.72,207809,192248,6912.56,33361.64,31944.39,124.97,34.38,885551.14,239451.72,4202.24
2469,2018-03-29,BTCUSDT,1128.09,174706,184831,7335.42,30036.1,24584.81,41.5,47.45,302725.19,332143.57,3812.57
2470,2018-03-28,BTCUSDT,1139.23,95339,88281,7928.77,12715.91,13685.42,33.37,56.92,263122.83,449650.34,4444.87
2471,2018-03-27,BTCUSDT,1116.57,136074,130466,7913.82,18965.27,18462.38,144.42,43.67,1142329.23,355483.54,4348.79
2472,2018-03-26,BTCUSDT,1154.5,153676,156786,8160.04,23076.34,20957.26,65.7,59.57,532141.93,474268.54,4216.96
2473,2018-03-25,BTCUSDT,1145.43,109595,106065,8501.92,14622.5,14379.26,32.73,46.72,278863.16,400134.79,4151.07
2474,2018-03-24,BTCUSDT,1158.92,134858,135442,8679.27,18164.5,17302.11,47.13,38.77,420797.98,336483.37,4290.29
2475,2018-03-23,BTCUSDT,1223.23,146030,132541,8692.01,19884.22,20106.79,48.08,66.54,399099.26,562273.05,4727.51
2476,2018-03-22,BTCUSDT,1283.43,139486,136963,8762.67,21049.99,19567.56,60.73,48.81,531353.86,423384.69,4589.53
2477,2018-03-21,BTCUSDT,1219.48,141579,152117,8937.54,20924.92,19047.49,60.22,56.63,534013.54,498416.99,4145.65
2478,2018-03-20,BTCUSDT,1300.47,152043,146218,8746.66,22016.07,22849.04,100.01,61.04,834048.94,509375.88,4985.19
2479,2018-03-19,BTCUSDT,1283.67,175913,184501,8464.54,28033.76,27263.32,32.38,35.99,272285.47,299266.06,3903.39
2480,2018-03-18,BTCUSDT,1082.62,213510,209826,7939.86,31271.72,28216.51,48.48,56.78,358310.52,442901.23,3515.15
2481,2018-03-17,BTCUSDT,910.74,163968,128073,7965.14,17432.95,15677.26,53.98,46.11,431832.04,367328.76,3487.84
2482,2018-03-16,BTCUSDT,1260.15,133776,122031,8257.21,18765.98,20049.43,65.92,33.34,547102.95,275322.37,4218.49
2483,2018-03-15,BTCUSDT,1053.93,215654,184875,8106.14,25876.86,26414.16,21.38,29.51,169134.4,241785.0,3293.24
2484,2018-03-14,BTCUSDT,1067.47,200819,198308,8468.02,26824.76,22883.33,114.51,90.29,921805.79,752427.44,4237.23
2485,2018-03-13,BTCUSDT,1071.83,172629,170105,9149.0,20334.95,19856.46,53.69,44.63,493907.44,412753.47,4022.1
2486,2018-03-12,BTCUSDT,1175.02,161464,175178,9266.74,22861.08,19369.7,35.89,101.85,329315.89,955382.74,4347.45
2487,2018-03-11,BTCUSDT,1210.35,163409,169958,9241.19,23175.77,21150.21,32.12,56.7,308466.65,520128.96,4220.34
2488,2018-03-10,BTCUSDT,1184.49,144331,143735,8975.76,19540.19,17639.83,44.59,45.57,417786.86,421401.84,4494.42
2489,2018-03-09,BTCUSDT,1225.56,244851,217861,8887.41,32945.88,31166.41,35.78,45.3,336377.57,406788.15,4252.26
2490,2018-03-08,BTCUSDT,1172.73,178533,157981,9476.88,20852.02,20257.46,39.55,25.2,367782.21,249999.99,3846.58
2491,2018-03-07,BTCUSDT,1297.66,201748,194973,10066.1,26625.22,24022.45,66.1,47.45,647817.34,460191.02,4568.78
2492,2018-03-06,BTCUSDT,1293.79,124389,125917,10908.99,16033.28,13482.3,48.94,22.96,535894.25,251446.2,4528.84
2493,2018-03-05,BTCUSDT,1064.2,88248,76070,11526.34,7475.41,7668.82,13.81,52.99,158464.52,612173.39,4069.18
2494,2018-03-04,BTCUSDT,1157.35,85040,83319,11376.67,9098.52,8197.4,25.22,31.12,281864.82,356029.89,4224.73
2495,2018-03-03,BTCUSDT,1269.4,104679,85765,11341.16,10444.47,10842.68,31.5,32.9,360061.85,373559.34,4823.15
2496,2018-03-02,BTCUSDT,1242.08,110376,101315,11003.0,12017.38,11893.33,33.44,57.41,364736.13,640554.03,5196.68
2497,2018-03-01,BTCUSDT,1163.8,119772,110656,10740.14,12307.15,12785.4,48.72,44.92,523696.56,492806.4,5038.65
2498,2018-02-28,BTCUSDT,1180.03,138803,139083,10574.92,16388.14,14412.85,73.96,106.27,808394.84,1164698.19,5935.69
2499,2018-02-27,BTCUSDT,1348.19,121885,118657,10520.01,15518.3,15187.08,53.77,79.06,568372.94,830153.27,5371.21
2500,2018-02-26,BTCUSDT,1218.33,142573,142703,10039.44,17832.52,17045.77,35.63,51.62,334189.08,485376.81,4495.31
2501,2018-02-25,BTCUSDT,1161.49,119310,114257,9570.6,14416.86,13956.66,51.45,103.39,494340.01,992561.56,5312.81
2502,2018-02-24,BTCUSDT,1200.35,163420,174498,9847.83,22241.29,18646.87,58.12,21.71,598745.36,217532.6,4243.14
2503,2018-02-23,BTCUSDT,1223.16,237744,229736,9983.08,29171.69,28031.01,35.03,22.84,337350.34,224851.62,4078.98
2504,2018-02-22,BTCUSDT,1347.11,259948,246325,10083.37,34030.87,33029.3,42.03,45.16,409978.14,447612.22,4643.7
2505,2018-02-21,BTCUSDT,1348.85,274589,267751,10621.28,35775.74,32338.07,105.41,48.7,1159469.37,545383.21,4782.56
2506,2018-02-20,BTCUSDT,1276.21,229877,202320,11403.32,23941.86,24211.49,36.14,34.17,405835.33,392920.43,4321.67
2507,2018-02-19,BTCUSDT,1209.56,192197,174685,10891.11,20211.54,20619.88,28.77,20.04,320797.6,220184.99,3549.26
2508,2018-02-18,BTCUSDT,1208.15,273877,263657,10629.34,31543.52,29593.86,38.73,29.2,409863.35,323766.29,3639.55
2509,2018-02-17,BTCUSDT,1078.41,205765,207820,10741.81,20734.48,21147.62,35.56,29.56,391162.24,314232.13,3494.13
2510,2018-02-16,BTCUSDT,940.28,187865,217445,10068.61,19848.2,18313.0,30.97,18.77,315788.63,183882.32,2875.35
2511,2018-02-15,BTCUSDT,842.26,302258,306091,9787.56,26622.5,25805.1,30.71,19.82,300578.2,190780.85,2875.79
2512,2018-02-14,BTCUSDT,718.84,257090,257807,9135.07,20303.49,20508.46,27.6,17.47,243162.24,161098.97,2337.63
2513,2018-02-13,BTCUSDT,759.32,195791,206102,8611.69,18896.52,16558.46,29.0,36.15,251999.98,314468.63,2668.7
2514,2018-02-12,BTCUSDT,758.78,240628,237032,8616.0,21070.9,20916.95,29.65,23.3,251614.13,205408.6,2691.02
2515,2018-02-11,BTCUSDT,699.48,272893,251733,8198.58,21844.85,23180.34,66.18,31.3,519852.58,261333.53,2736.81
2516,2018-02-10,BTCUSDT,787.63,278859,258719,8494.2,24874.79,24506.72,53.35,71.65,474815.9,588262.94,3018.85
2517,2018-02-09,BTCUSDT,634.76,140224,132867,8403.94,10078.87,10404.04,102.89,17.39,890024.74,147646.5,3024.92
2518,2018-02-08,BTCUSDT,947.91,6425,5992,7733.37,677.28,844.26,21.68,12.22,168981.49,95106.42,3312.67
2519,2018-02-07,BTCUSDT,928.22,263038,251855,7931.51,30693.62,30084.84,55.75,133.38,446205.47,1010999.5,3766.31
2520,2018-02-06,BTCUSDT,870.7,405154,380842,7003.44,50636.48,49565.02,34.31,140.74,223038.52,1009105.8,3238.85
2521,2018-02-05,BTCUSDT,883.14,273032,260478,7285.02,33545.82,29857.36,56.54,52.49,401924.77,432498.23,3197.4
2522,2018-02-04,BTCUSDT,771.93,170611,185523,8494.27,18209.01,13805.3,24.41,42.69,216964.46,346261.82,3050.92
2523,2018-02-03,BTCUSDT,784.18,163724,163795,8967.32,14542.16,14182.84,35.9,25.41,324880.72,233286.82,2924.87
2524,2018-02-02,BTCUSDT,957.71,224875,228536,8656.7,26858.12,23113.5,40.65,174.42,336160.01,1524438.5,4781.21
2525,2018-02-01,BTCUSDT,1005.11,151384,164636,9436.84,18134.76,15430.0,36.51,36.3,336030.39,326703.81,3480.86
2526,2018-01-31,BTCUSDT,901.81,104212,97210,10136.98,9233.37,8782.58,45.62,41.48,448934.52,411767.44,3004.69
2527,2018-01-30,BTCUSDT,1037.68,122497,136715,10481.98,14166.28,11388.1,35.2,29.06,364270.61,303725.18,3429.41
2528,2018-01-29,BTCUSDT,958.1,74793,94406,11455.19,8153.88,6016.5,20.05,36.59,232569.28,423156.08,3411.2
2529,2018-01-28,BTCUSDT,970.74,91983,114264,11843.98,9544.55,7342.79,22.6,24.75,271186.31,295212.1,3330.49
2530,2018-01-27,BTCUSDT,1024.99,100691,106787,11327.9,9651.83,9208.94,23.37,31.37,269285.39,349834.95,3488.42
2531,2018-01-26,BTCUSDT,1145.41,156887,157833,11014.38,17726.08,15330.79,28.07,70.53,315628.77,777215.73,3996.07
2532,2018-01-25,BTCUSDT,1068.05,110636,110404,11306.51,10638.57,10201.39,19.43,14.05,221457.83,162337.21,3205.04
2533,2018-01-24,BTCUSDT,1020.59,143289,150140,11140.16,14071.19,13087.39,42.99,24.64,469862.35,279017.65,3325.71
2534,2018-01-23,BTCUSDT,1124.22,184113,171173,10701.06,18726.13,18747.79,44.01,29.72,477486.25,333521.38,3628.19
2535,2018-01-22,BTCUSDT,1309.56,186070,177194,10862.21,22452.03,21300.58,18.38,38.95,195194.15,399259.23,3750.96
2536,2018-01-21,BTCUSDT,1347.25,190296,169911,11764.93,20805.01,20574.76,87.81,42.69,1062488.56,533562.91,4243.75
2537,2018-01-20,BTCUSDT,1424.86,127986,123661,12437.13,14379.66,14389.2,52.11,60.67,614619.55,782659.74,4740.64
2538,2018-01-19,BTCUSDT,1400.71,141008,132263,11209.99,17257.96,16871.42,23.39,27.1,263851.63,315163.49,3714.35
2539,2018-01-18,BTCUSDT,1376.93,205525,187587,11092.04,24650.05,23814.38,13.42,16.71,152984.4,182122.07,3543.92
2540,2018-01-17,BTCUSDT,1438.55,267114,250179,10492.06,36919.0,35412.8,50.0,33.01,502471.74,321824.91,3935.78
2541,2018-01-16,BTCUSDT,1726.63,213963,204280,11269.48,33047.77,30353.4,24.14,20.47,278320.33,225186.49,4454.41
2542,2018-01-15,BTCUSDT,1380.1,77242,68120,13645.9,7221.03,7431.06,21.91,20.46,293796.72,279016.63,3960.64
2543,2018-01-14,BTCUSDT,1486.74,78408,73956,13461.23,8729.51,8288.38,26.47,17.79,336200.56,230335.38,4065.12
2544,2018-01-13,BTCUSDT,1399.93,59467,64172,14165.38,6647.33,5574.18,20.43,15.28,284515.45,213781.27,4007.17
2545,2018-01-12,BTCUSDT,1654.99,65524,68928,13449.93,8299.85,8117.31,11.97,20.67,162534.31,285807.42,4364.38
2546,2018-01-11,BTCUSDT,1865.32,125174,114242,13202.49,17132.7,16422.02,20.0,34.62,257000.0,464197.49,5224.62
2547,2018-01-10,BTCUSDT,1511.13,82580,78896,14331.35,8881.45,8529.55,13.41,18.63,178373.19,254861.18,3794.45
2548,2018-01-09,BTCUSDT,1344.54,78818,77838,14637.02,7473.77,6841.23,40.0,37.89,586441.2,546183.23,4003.99
2549,2018-01-08,BTCUSDT,1900.72,109959,98683,14678.95,12843.77,13756.84,33.81,17.75,468192.97,234443.36,5070.55
2550,2018-01-07,BTCUSDT,1714.45,63339,56930,16286.66,5713.81,6779.32,8.74,8.84,140768.99,150878.03,4372.41
2551,2018-01-06,BTCUSDT,1954.08,83907,74335,16741.38,7564.29,11007.16,10.0,7.91,168200.0,131378.84,4570.55
2552,2018-01-05,BTCUSDT,1913.89,102914,90055,16245.54,9904.87,13346.62,11.83,21.87,194991.11,367745.94,4707.05
2553,2018-01-04,BTCUSDT,1836.54,96763,73547,14752.53,8648.84,12680.81,53.25,14.02,784396.76,206590.14,4910.59
2554,2018-01-03,BTCUSDT,1450.47,93501,69286,14792.36,6910.71,8994.95,21.51,6.93,318296.0,102909.79,3883.05
2555,2018-01-02,BTCUSDT,1573.85,94322,83406,14346.21,8731.77,11346.33,14.84,6.64,217446.73,96562.09,3699.0
2556,2018-01-01,BTCUSDT,1087.17,52847,52748,13316.18,4647.98,3961.94,5.77,8.95,77341.81,118301.41,2828.47
2557,2017-12-31,BTCUSDT,1118.01,75370,63523,13305.48,5683.47,6085.52,13.36,9.67,172372.28,129153.28,3126.11
2558,2017-12-30,BTCUSDT,1302.83,106260,83944,12862.95,9690.64,9530.52,8.73,9.89,108414.9,118713.66,3370.94
2559,2017-12-29,BTCUSDT,1836.11,78053,64047,14403.3,7569.31,10502.7,8.81,9.69,126430.14,134139.22,4113.96
2560,2017-12-28,BTCUSDT,1704.19,99113,78919,14290.7,10286.07,11431.79,19.91,12.24,282669.73,165787.99,4187.89
2561,2017-12-27,BTCUSDT,1626.07,75005,67197,15386.06,7116.44,7843.42,14.84,8.84,221834.63,134969.1,4051.39
2562,2017-12-26,BTCUSDT,1688.87,72089,61044,15090.67,6598.5,8436.17,40.42,27.68,586714.81,379187.9,4706.34
2563,2017-12-25,BTCUSDT,1830.85,58436,57980,13569.11,6913.56,8834.65,13.34,10.03,175115.6,135353.61,4252.98
2564,2017-12-24,BTCUSDT,2107.14,91697,81860,12986.66,13192.42,15365.11,9.39,11.89,116744.59,157039.48,4521.08
2565,2017-12-23,BTCUSDT,1368.54,70566,64439,13742.73,6593.87,6547.67,10.94,14.76,153908.54,206354.16,3629.88
2566,2017-12-22,BTCUSDT,1962.95,124587,118674,13328.98,18519.59,17556.68,23.61,27.1,298675.72,321173.38,4790.01
2567,2017-12-21,BTCUSDT,2719.56,60201,57530,15608.05,8651.46,11672.76,12.95,11.46,204910.67,190625.04,5976.7
2568,2017-12-20,BTCUSDT,1704.61,61444,68318,16329.0,7717.83,5732.66,9.06,9.98,149989.61,159745.2,4121.3
2569,2017-12-19,BTCUSDT,1997.02,55346,61223,17515.07,7470.24,5740.51,7.93,8.71,148868.51,147202.09,4765.73
2570,2017-12-18,BTCUSDT,2135.14,40967,50989,18395.41,5934.33,4690.3,14.82,11.31,272445.96,213148.02,5170.21
2571,2017-12-17,BTCUSDT,2079.28,40459,44122,19056.23,4979.22,4197.96,20.41,7.73,389953.39,148609.0,5212.91
2572,2017-12-16,BTCUSDT,1473.51,28598,23179,18610.56,1893.78,2308.85,6.68,10.0,123353.0,188968.67,4316.2
2573,2017-12-15,BTCUSDT,1869.6,49324,36154,17276.43,4468.7,4712.58,16.94,6.5,294780.58,115178.48,5052.55
2574,2017-12-14,BTCUSDT,2160.1,49171,36979,16076.66,5617.79,5999.08,9.25,8.06,149376.16,130317.33,5783.9
2575,2017-12-13,BTCUSDT,2346.77,43656,40191,15748.62,6288.37,6127.96,12.02,9.35,189399.25,140227.58,6413.65
2576,2017-12-12,BTCUSDT,2048.04,39943,36089,16400.48,5041.75,4395.05,7.47,9.25,122843.76,149800.14,6021.29
2577,2017-12-11,BTCUSDT,2704.74,37682,33691,16319.68,5915.17,5905.23,16.38,7.41,265386.63,115075.99,6902.38
2578,2017-12-10,BTCUSDT,2897.87,39792,40877,14329.37,7816.17,8736.87,8.54,6.13,124446.44,94986.2,6438.32
2579,2017-12-09,BTCUSDT,3077.3,33823,32915,14486.79,5930.44,7988.32,8.71,6.46,135153.73,100683.16,7795.86
2580,2017-12-08,BTCUSDT,3205.43,48555,36172,15700.0,5638.72,11950.29,9.84,6.33,155372.5,94029.74,9244.59
2581,2017-12-07,BTCUSDT,1903.95,31027,26514,15432.99,3556.02,3931.04,7.33,5.41,99151.18,84062.55,3846.27
2582,2017-12-06,BTCUSDT,2099.95,23209,16987,12943.62,2877.85,3830.1,7.23,5.65,97237.22,66014.56,4116.53
2583,2017-12-05,BTCUSDT,2066.65,16905,14412,11666.89,2415.1,3135.63,8.66,5.0,102183.46,57439.31,3963.7
2584,2017-12-04,BTCUSDT,1638.59,15617,16615,11327.0,2146.57,2516.86,3.76,6.59,42079.64,75813.38,3294.26
2585,2017-12-03,BTCUSDT,1534.28,18296,21039,11163.47,2772.39,2574.25,10.62,5.55,123245.32,61724.72,3242.98
2586,2017-12-02,BTCUSDT,1752.77,15144,14550,10900.0,2375.25,2390.19,3.5,6.15,38271.07,67219.82,3242.0
2587,2017-12-01,BTCUSDT,1923.11,15751,16624,10353.66,2865.06,3269.87,7.48,5.93,73112.75,60069.25,3381.86
2588,2017-11-30,BTCUSDT,2221.73,21675,19478,9863.25,4028.91,5360.66,15.02,6.69,150927.04,60940.33,3893.95
2589,2017-11-29,BTCUSDT,2839.11,26266,21628,9835.97,4689.91,8662.63,11.62,9.93,119907.59,95328.99,5255.4
2590,2017-11-28,BTCUSDT,2549.05,10136,8787,9802.1,2486.07,2431.14,16.65,5.97,164563.09,58820.32,4332.67
2591,2017-11-27,BTCUSDT,1883.76,13218,9588,9472.11,2088.18,2433.45,5.43,4.57,51543.66,43757.51,3536.0
2592,2017-11-26,BTCUSDT,1927.47,11253,8015,9027.58,2112.09,2035.29,6.83,7.19,60954.15,63519.01,3442.94
2593,2017-11-25,BTCUSDT,1937.15,10482,8150,8508.26,1997.7,2294.92,16.16,4.57,138287.19,37732.55,3718.19
2594,2017-11-24,BTCUSDT,1814.33,10192,9562,8119.0,2245.36,2166.43,6.14,4.82,50680.26,37970.61,3310.65
2595,2017-11-23,BTCUSDT,2009.06,8031,8594,8093.33,1930.2,2163.76,6.0,4.77,49493.22,39062.39,3714.02
2596,2017-11-22,BTCUSDT,1974.25,7715,7037,8206.56,1721.15,1823.86,6.1,12.01,50489.26,97385.91,3574.08
2597,2017-11-21,BTCUSDT,1782.62,10868,9930,8106.84,2322.18,2222.29,5.39,8.08,42364.06,65439.99,3238.35
2598,2017-11-20,BTCUSDT,1570.43,9409,10692,8162.0,2070.27,1816.37,5.83,4.81,46803.34,39640.99,3058.18
2599,2017-11-19,BTCUSDT,2035.49,7685,7212,7937.16,1769.73,2097.61,8.63,4.55,69058.82,36258.67,3721.52
2600,2017-11-18,BTCUSDT,1650.14,8928,9455,7667.98,2062.93,1891.34,10.05,4.86,78355.92,37153.9,3320.14
2601,2017-11-17,BTCUSDT,1409.42,11761,10251,7713.06,2072.19,1910.21,5.68,6.26,44768.59,48202.41,2681.99
2602,2017-11-16,BTCUSDT,1169.68,7836,7125,7626.83,1135.55,1196.41,4.17,20.0,32326.6,144027.2,2656.94
2603,2017-11-15,BTCUSDT,1206.84,5715,4598,7038.02,821.01,958.59,15.19,13.58,104459.29,93735.92,2904.97
2604,2017-11-14,BTCUSDT,779.76,5552,4924,6523.68,642.16,612.14,5.92,10.0,38844.96,64000.0,1759.62
2605,2017-11-13,BTCUSDT,1020.61,7982,8183,6287.82,1321.25,1300.0,6.0,6.19,38553.3,40046.63,2124.24
2606,2017-11-12,BTCUSDT,956.31,14097,16972,5922.01,2701.07,2267.41,9.84,10.0,61006.52,61000.0,1931.73
2607,2017-11-11,BTCUSDT,991.11,7851,9989,6381.01,1626.68,1127.48,7.28,6.29,49111.0,39500.33,1714.5
2608,2017-11-10,BTCUSDT,1169.11,9670,9219,6680.63,1689.44,1565.26,6.0,12.91,40499.94,84413.36,2278.62
2609,2017-11-09,BTCUSDT,998.59,6302,7516,7162.33,1189.24,724.15,7.57,6.4,53375.82,46843.54,1937.32
2610,2017-11-08,BTCUSDT,840.46,13826,10555,7241.34,1530.95,1291.34,6.97,6.3,52616.53,43905.23,1857.54
2611,2017-11-07,BTCUSDT,774.69,6321,6811,7054.51,849.07,591.19,5.93,10.0,41578.15,69670.3,1738.31
2612,2017-11-06,BTCUSDT,937.04,6616,6909,7089.04,1033.02,730.0,8.22,3.39,57563.88,24015.31,1747.1
2613,2017-11-05,BTCUSDT,811.58,6014,5076,7404.76,667.16,540.68,6.0,5.35,45299.7,40000.0,1586.96
2614,2017-11-04,BTCUSDT,751.37,7818,5577,7246.36,760.8,638.39,4.4,3.3,31490.81,24492.35,1534.35
2615,2017-11-03,BTCUSDT,885.49,8162,7213,7128.13,1101.31,790.19,4.16,5.61,30128.81,40585.44,1870.21
2616,2017-11-02,BTCUSDT,858.92,12438,7784,7001.69,1351.57,1152.04,7.44,7.63,50617.81,53394.34,1951.02
2617,2017-11-01,BTCUSDT,652.83,9594,7181,6622.22,993.85,681.76,4.64,3.55,30407.65,23082.59,1255.01
2618,2017-10-31,BTCUSDT,758.83,6658,5845,6353.67,845.01,666.76,3.54,3.52,22403.0,22498.78,1391.37
2619,2017-10-30,BTCUSDT,1000.36,4034,4993,6133.06,905.55,568.13,6.7,9.39,40982.1,58418.77,2012.0
2620,2017-10-29,BTCUSDT,997.18,5612,5039,6002.62,850.61,954.17,10.48,9.05,60362.5,52463.46,2040.42
2621,2017-10-28,BTCUSDT,854.15,3946,4610,5733.23,754.32,522.44,7.63,6.0,43739.84,34019.88,1725.24
2622,2017-10-27,BTCUSDT,983.39,3831,4474,5799.36,779.62,624.09,6.0,5.33,35573.82,31093.44,1659.74
2623,2017-10-26,BTCUSDT,998.96,4780,6649,5817.25,1193.23,779.74,4.75,13.38,28035.88,75863.79,1641.68
2624,2017-10-25,BTCUSDT,1043.14,6164,5862,5560.64,1180.72,1102.09,17.46,6.33,99504.54,34199.14,1887.54
2625,2017-10-24,BTCUSDT,1113.92,6009,7066,5617.34,1451.59,1128.83,5.93,5.43,33645.24,30437.92,1823.74
2626,2017-10-23,BTCUSDT,988.0,5091,5645,5872.32,1078.77,733.79,5.0,6.82,28657.75,38617.74,1926.75
2627,2017-10-22,BTCUSDT,908.37,3582,5264,5910.02,803.02,559.07,8.09,4.3,46924.04,24979.94,1525.35
2628,2017-10-21,BTCUSDT,993.4,5078,5104,6015.33,868.29,796.02,3.62,4.24,22322.59,25770.72,1548.61
2629,2017-10-20,BTCUSDT,985.46,5682,5974,5906.67,1139.94,833.04,5.2,18.02,31167.77,106504.81,2068.3
2630,2017-10-19,BTCUSDT,918.32,5589,5964,5628.05,1015.55,866.17,3.46,4.98,19181.4,27974.35,1363.55
2631,2017-10-18,BTCUSDT,840.32,6528,8296,5382.0,1278.18,1039.62,5.75,5.49,31974.31,30264.29,1596.29
2632,2017-10-17,BTCUSDT,824.36,4789,4966,5626.2,741.1,688.77,3.84,2.12,21477.43,11911.24,1310.5
2633,2017-10-16,BTCUSDT,950.72,4292,4861,5711.37,809.78,719.22,7.64,1.72,43554.49,9826.85,1412.31
2634,2017-10-15,BTCUSDT,1013.64,3396,4056,5677.43,742.1,601.42,2.08,3.65,11372.62,20284.25,1607.08
2635,2017-10-14,BTCUSDT,884.16,2894,3365,5783.33,536.96,433.79,1.84,3.61,10578.89,20529.31,1355.53
2636,2017-10-13,BTCUSDT,908.63,5791,5872,5625.33,1001.19,878.64,4.48,6.53,24223.63,38017.6,1456.87
2637,2017-10-12,BTCUSDT,829.36,4868,3162,5226.72,480.11,796.59,10.37,3.76,52841.16,19242.69,1679.64
2638,2017-10-11,BTCUSDT,612.25,3724,2171,4804.35,213.34,540.09,3.96,5.58,18913.89,26661.28,1604.66
2639,2017-10-10,BTCUSDT,421.52,6824,5143,4807.88,364.39,678.83,5.17,6.69,24473.1,31292.03,1361.04
2640,2017-10-09,BTCUSDT,293.15,5358,5014,4742.31,295.71,350.76,2.92,6.75,13463.98,31504.46,885.63
2641,2017-10-08,BTCUSDT,309.68,3582,3998,4574.33,238.37,280.09,4.18,4.19,19042.02,19042.02,979.91
2642,2017-10-07,BTCUSDT,271.14,1464,3340,4405.02,152.28,145.31,10.72,2.59,46995.06,11193.64,1002.79
2643,2017-10-06,BTCUSDT,337.92,1926,4620,4359.33,280.38,226.15,9.23,5.14,40631.36,22643.29,1218.67
2644,2017-10-05,BTCUSDT,359.85,3238,5920,4252.48,428.1,351.04,6.41,5.08,27143.77,21728.23,1081.37
2645,2017-10-04,BTCUSDT,334.04,3919,7087,4241.2,575.54,292.93,3.17,9.17,13230.31,40104.41,953.92
2646,2017-10-03,BTCUSDT,373.81,5458,6921,4319.38,589.59,492.74,4.15,7.79,17765.96,32924.63,993.45
2647,2017-10-02,BTCUSDT,354.95,3528,4657,4433.88,366.22,289.54,4.44,5.46,19683.25,23943.71,1026.38
2648,2017-10-01,BTCUSDT,319.59,4224,5592,4341.68,434.99,291.98,9.95,9.93,43375.0,43000.42,1119.31
2649,2017-09-30,BTCUSDT,331.23,3482,5842,4298.87,427.39,292.97,3.68,3.39,15972.66,14302.8,786.98
2650,2017-09-29,BTCUSDT,443.02,5669,9165,4130.19,941.9,660.41,4.11,10.7,17097.43,42924.69,1157.84
2651,2017-09-28,BTCUSDT,310.97,5076,6350,4191.83,485.27,364.52,5.8,4.11,24632.82,17113.37,776.39
2652,2017-09-27,BTCUSDT,305.1,4204,4169,4105.25,280.09,348.08,9.39,3.39,38668.6,13729.3,844.69
2653,2017-09-26,BTCUSDT,258.59,3640,4331,3903.13,301.16,225.57,5.42,3.39,21027.76,13186.85,666.95
2654,2017-09-25,BTCUSDT,285.85,3521,6219,3851.44,429.16,298.84,2.4,4.66,9039.66,17054.88,718.11
2655,2017-09-24,BTCUSDT,280.35,4003,4721,3690.92,370.7,290.94,2.59,2.18,9603.29,8009.55,721.43
2656,2017-09-23,BTCUSDT,333.22,5152,3250,3713.37,320.85,431.95,3.68,2.56,13782.75,9489.18,828.47
2657,2017-09-22,BTCUSDT,371.91,5405,2747,3617.14,327.91,511.06,2.35,3.65,8575.28,12885.69,874.2
2658,2017-09-21,BTCUSDT,431.15,5175,3539,3695.66,484.4,517.26,4.17,4.12,15516.01,15290.03,1047.66
2659,2017-09-20,BTCUSDT,392.7,4266,2965,3922.03,325.66,395.28,4.68,4.82,18701.79,18683.4,1028.28
2660,2017-09-19,BTCUSDT,484.65,2508,4834,3943.64,645.01,257.32,2.73,4.23,10832.21,16902.08,919.75
2661,2017-09-18,BTCUSDT,495.02,3326,4894,3949.4,612.37,417.64,12.09,15.18,48374.06,62041.21,1366.8
2662,2017-09-17,BTCUSDT,388.12,2877,3478,3649.07,408.24,273.93,4.83,2.72,17399.8,9529.6,939.71
2663,2017-09-16,BTCUSDT,545.45,3814,4995,3711.87,672.68,624.89,8.89,9.7,32406.75,34241.0,1370.74
2664,2017-09-15,BTCUSDT,630.81,5486,4959,3457.67,1002.74,966.12,10.53,10.0,40315.25,32800.0,1475.05
2665,2017-09-14,BTCUSDT,652.36,5137,3929,3449.05,903.87,761.15,5.18,12.12,18619.71,41190.58,1606.95
2666,2017-09-13,BTCUSDT,711.37,2076,2943,3956.69,550.41,363.05,2.86,13.35,11478.58,51840.03,1907.82
2667,2017-09-12,BTCUSDT,573.02,3580,2921,4199.7,427.85,451.78,5.0,7.58,20897.5,32355.1,1478.65
2668,2017-09-11,BTCUSDT,699.35,1950,2278,4213.94,377.79,322.2,5.53,4.79,23200.6,20115.71,1258.66
2669,2017-09-10,BTCUSDT,786.13,1279,2156,4071.46,368.59,291.79,3.5,8.12,14362.3,32725.85,1669.25
2670,2017-09-09,BTCUSDT,745.4,1005,2772,4278.5,370.79,287.99,6.79,5.9,29739.64,25273.74,1367.67
2671,2017-09-08,BTCUSDT,1028.21,1641,3092,4349.04,666.29,465.96,3.97,4.85,17092.05,20595.75,1557.24
2672,2017-09-07,BTCUSDT,751.07,1447,1623,4639.46,259.75,240.68,2.5,5.0,11785.18,23415.0,1299.02
2673,2017-09-06,BTCUSDT,455.8,5344,2612,4539.3,384.44,422.92,3.34,3.0,14989.56,13858.92,905.1
2674,2017-09-05,BTCUSDT,504.11,4818,5266,4151.49,695.46,533.48,2.92,18.79,12808.03,70084.78,1291.8
2675,2017-09-04,BTCUSDT,634.32,4305,5012,4200.04,816.04,578.6,11.0,4.22,47287.21,18106.6,1351.74
2676,2017-09-03,BTCUSDT,518.28,2636,3386,4507.39,432.28,258.93,2.5,4.61,11659.58,21190.75,985.92
2677,2017-09-02,BTCUSDT,569.6,3930,3545,4566.07,549.95,379.2,3.8,2.49,16968.64,12071.42,1095.26
2678,2017-09-01,BTCUSDT,666.29,1015,2985,4791.78,442.01,118.66,1.4,2.5,6748.0,12146.54,1069.54
2679,2017-08-31,BTCUSDT,620.01,1425,2736,4675.15,425.01,131.95,2.2,1.55,10137.82,7139.31,1116.86
2680,2017-08-30,BTCUSDT,663.61,2395,3156,4539.55,612.41,196.06,2.52,4.22,11447.61,18879.74,1337.63
2681,2017-08-29,BTCUSDT,644.98,1285,2874,4508.96,460.1,143.44,2.54,2.28,11558.72,9950.49,1269.54
2682,2017-08-28,BTCUSDT,595.92,1323,3026,4303.68,461.05,142.79,2.59,2.91,11070.51,12409.44,1278.45
2683,2017-08-27,BTCUSDT,414.6,1048,2622,4331.85,249.04,101.65,2.78,2.71,12087.15,11788.66,745.49
2684,2017-08-26,BTCUSDT,432.68,698,1562,4305.62,171.92,56.19,1.83,2.91,7910.58,12300.4,584.79
2685,2017-08-25,BTCUSDT,379.1,781,5773,4327.36,473.51,100.1,2.0,2.91,8680.0,12416.96,570.97
2686,2017-08-24,BTCUSDT,527.69,2097,4150,4257.57,580.6,206.82,1.8,1.62,7628.21,6702.99,751.98
2687,2017-08-23,BTCUSDT,480.78,4118,4511,4131.23,691.72,309.42,2.8,1.44,11487.95,5843.18,776.52
2688,2017-08-22,BTCUSDT,577.84,2082,4412,3848.27,542.69,424.0,4.49,2.86,17291.51,11296.71,1093.03
2689,2017-08-21,BTCUSDT,704.24,2762,1210,4015.8,134.39,557.36,2.51,1.73,10237.85,6932.81,1514.22
2690,2017-08-20,BTCUSDT,831.7,1649,672,4110.0,90.29,376.8,2.78,2.17,11398.7,8844.79,1743.32
2691,2017-08-19,BTCUSDT,719.69,1584,569,4058.22,106.97,274.34,3.0,2.97,12435.09,12102.89,1425.48
2692,2017-08-18,BTCUSDT,972.09,4067,1166,4139.55,227.02,972.87,5.38,1.92,22803.38,8056.65,2166.5
2693,2017-08-17,BTCUSDT,1008.1,2372,1055,4323.74,178.9,616.25,4.13,2.18,18467.02,9671.0,2304.43
